Montreal Alouettes,MTL
QB,Darian Durant,34,2005,77,82,84,79,73,85,8.5,2
QB,Vernon Adams,23,2016,100,77,83,79,80,75,7.5,4
RB,Tyrell Sutton,28,2011,82,86,80,91,77,89,3.0,4
RB,Stefan Logan,32,2006,74,81,76,70,89,80,2.5,3
RB,Brandon Rutley,28,2011,78,68,73,70,84,72,0.5,2
RB,Jean Beaulieu,25,2014,69,75,74,66,72,70,0.5,2
WR,BJ Cunningham,28,2011,75,86,80,92,86,87,7.0,4
WR,Nik Lewis,35,2004,80,75,70,80,70,82,3.0,2
WR,Tiquan Underwood,30,2008,68,78,74,80,74,73,1.0,3
WR,Ernest Jackson,30,2008,80,74,76,82,79,80,0.5,2
WR,Alex Pierzchalski,25,2014,96,88,90,59,73,55,0.5,3
WR,George Johnson,23,2016,77,92,64,74,67,59,0.3,2
OL,Philip Blake,31,2007,89,70,84,77,70,94,4.0,4
OL,Luc Brodeur,34,2005,75,78,69,79,87,78,2.0,3
OL,Philippe Gagnon,24,2015,77,82,66,79,82,64,0.5,2
OL,Jovan Olafioye,29,2009,77,66,81,100,74,80,2.0,3
OL,Brian Simmons,32,2007,68,79,81,76,60,72,1.0,1
OL,Matt Vonk,26,2013,79,62,66,83,60,85,0.5,1
OL,Kristian Matte,31,2007,69,62,73,71,77,80,2.0,2
OL,Tim Dexter,27,2011,77,50,52,65,65,64,0.5,1
OL,Ralph Alan,24,2014,94,74,77,65,64,60,0.5,1
OL,Randall Cordell,27,2011,84,50,99,56,61,63,0.5,1
K,Boris Bede,27,2011,83,74,88,92,88,81,0.5,1
K,Nate Johnson,29,2009,55,72,91,69,62,66,0.5,1
S,Daryl Townsend,31,2007,77,63,74,72,74,79,3.0,3
S,Brandon Stewart,31,2007,71,60,61,75,80,64,1.1,1
CB,Ryan Phillips,34,2005,60,83,84,85,75,83,4.0,3
CB,Jonathon Mincy,25,2014,85,89,83,90,84,80,3.6,2
CB,Tyree Hollins,25,2014,76,60,71,75,86,63,3.0,4
CB,Eli Omarr,26,2012,70,74,53,70,72,80,2.4,3
CB,Talin Wayne,25,2013,67,61,50,57,61,57,0.5,1
CB,Kim Andrew,27,2011,81,72,50,59,55,60,0.5,1
DL,John Bowman,34,2005,81,74,82,92,83,85,5.0,4
DL,Don Oramasionwu,31,2007,66,86,76,67,71,81,1.0,3
DL,Keith Shologan,31,2007,81,73,66,70,75,68,1.0,2
DL,Jabar Westerman,28,2011,86,73,55,69,72,71,0.5,4
DL,George Damon,23,2016,98,62,56,68,65,90,2.2,1
DL,Lebron Michael,27,2011,50,72,87,69,65,64,0.5,1
DL,Jamaar Kendrick,23,2015,60,67,59,65,60,55,0.5,1
DL,William Joshua,31,2007,57,63,63,62,57,58,0.5,1
LB,Chip Cox,34,2005,89,86,83,92,84,90,4.0,3
LB,Nicolas Boulay,27,2011,67,82,71,60,70,83,1.0,3
LB,Kyries Hebert,36,2003,82,72,68,81,63,87,0.5,2
LB,Fred Plesius,29,2009,78,81,70,62,69,74,0.5,4
LB,Daniel Michael,22,2016,92,58,90,66,66,63,0.5,1
LB,Andre Randall,32,2006,56,73,66,60,67,68,0.5,1
LB,Malik Jimmy,22,2016,79,72,80,56,64,64,0.5,1
LB,Eli Blewitt,29,2009,65,77,55,58,55,69,0.5,1
END_PLAYERS
Ottawa Redblacks,OTT
QB,Trevor Harris,31,2007,70,77,85,90,91,86,6.0,1
QB,Drew Tate,32,2007,60,63,74,85,71,65,3.0,3
RB,Mossis Madu,29,2009,75,55,66,82,76,83,4.0,2
RB,William Powell,29,2009,76,80,70,71,80,86,2.0,1
RB,Patrick Lavoie,29,2009,80,61,83,65,72,69,0.5,2
RB,Brendab Gillanders,26,2012,64,84,69,67,79,71,0.5,3
WR,Greg Ellingson,28,2010,86,68,76,92,75,88,4.5,2
WR,Brad Sinopoli,29,2009,63,70,86,94,71,81,3.0,4
WR,Joshua Stangby,26,2013,68,72,64,81,67,72,1.0,1
WR,Reggie Wayne,30,2008,72,76,93,63,80,83,2.6,2
WR,Carl Clayton,24,2013,99,64,88,62,69,89,2.6,2
WR,Russell Carnell,32,2006,74,54,66,57,60,58,0.5,1
OL,Jon Gott,31,2007,78,59,79,70,79,82,4.0,3
OL,Jason Lauzon,26,2013,79,71,67,87,77,81,2.5,2
OL,Alex Mateas,26,2013,71,67,86,55,82,82,1.0,1
OL,Sirvincent Rogers,31,2007,74,77,75,86,78,63,1.0,2
OL,Jake Silas,25,2014,83,73,72,58,74,77,2.5,4
OL,Omarr Blewitt,26,2011,70,62,86,68,78,86,2.4,3
OL,Luther Dexter,27,2012,92,79,105,72,77,68,2.2,3
OL,Ryan Dennis,27,2011,60,52,77,61,63,69,0.5,1
OL,Beckham Larry,28,2010,74,59,92,63,59,61,0.5,1
OL,Wendell Dennis,27,2011,59,69,77,60,55,56,0.5,1
K,Brett Maher,27,2011,60,84,68,74,82,84,1.2,4
K,James Justin,22,2016,64,68,67,55,55,59,0.5,1
S,Adam Berger,27,2011,80,72,82,60,84,59,2.0,3
S,Dan West,30,2008,85,68,79,59,74,79,1.1,1
CB,Antoine Pruneau,27,2011,73,82,62,80,79,76,3.0,4
CB,Keelan Johnson,27,2011,76,58,83,64,83,77,1.0,2
CB,Jerrell Gavins,28,2009,64,83,80,79,81,63,2.0,1
CB,Tyree Draymond,25,2013,76,58,93,73,57,85,2.4,3
CB,Tyrell Harold,29,2010,52,74,72,60,80,87,1.9,2
CB,Kendrick Otis,33,2005,74,53,59,55,68,62,0.5,1
DL,Arnaud Gascon,29,2009,63,87,77,75,85,77,4.5,4
DL,Zack Evans,27,2011,65,66,79,77,75,76,3.0,3
DL,Ettore Lattanzio,26,2012,78,81,76,64,70,72,0.5,2
DL,Nigel Romick,26,2012,75,79,74,71,64,71,0.5,1
DL,Justin Rufus,22,2016,76,76,88,76,56,76,2.6,1
DL,Darik Henry,30,2007,77,51,69,68,78,70,1.7,2
DL,Damian Terry,31,2007,80,51,78,64,63,66,0.5,1
DL,James Jordan,30,2008,93,58,90,63,67,66,0.5,1
LB,Rodell Clayton,29,2008,91,56,87,92,80,86,6.4,4
LB,Taylor Reed,25,2013,69,74,67,70,84,76,2.0,1
LB,Roman Adrian,23,2014,57,54,62,74,69,70,2.4,2
LB,Paul Daniel,30,2009,55,71,58,76,57,71,1.9,3
LB,Tyree Terry,27,2011,50,50,53,69,62,57,0.5,1
LB,Beckham Wendell,29,2009,68,72,98,65,57,58,0.5,1
LB,Robert Jerry,29,2009,50,62,88,55,58,69,0.5,1
LB,Nguyen Kendrick,30,2008,93,77,98,55,66,58,0.5,1
END_PLAYERS
Toronto Argonauts,TOR
QB,Ricky Ray,37,2002,77,76,91,83,86,76,14.0,3
QB,Jeff Mathews,25,2014,67,84,65,79,70,76,4.0,4
RB,James Wilder,25,2014,57,62,83,73,72,74,2.0,2
RB,Brandon Whitaker,31,2008,69,65,69,64,75,75,1.0,3
RB,Anthony Coombs,24,2014,78,84,65,63,77,65,2.0,1
RB,James Tuck,27,2011,71,76,83,82,63,71,0.5,3
WR,Sj Green,32,2006,85,91,84,97,87,74,6.0,4
WR,Armanti Edwards,29,2009,70,79,84,70,75,87,4.0,2
WR,Devier Posey,27,2011,77,79,67,75,70,73,2.5,1
WR,Jeff Fuller,27,2011,85,67,79,80,59,66,2.0,2
WR,Kyle Graves,27,2011,78,55,70,60,74,67,0.5,3
WR,Chandler Worthy,23,2015,82,57,73,62,70,67,0.5,4
OL,Tyler Holmes,28,2010,64,87,73,82,78,56,5.5,1
OL,Sean Mcewen,24,2015,62,75,87,60,70,80,3.0,3
OL,Chris Van,33,2004,57,77,83,62,75,85,4.0,2
OL,Brandon Washington,28,2009,62,74,83,65,71,74,2.0,1
OL,Corey Watman,28,2009,82,61,56,84,67,80,2.0,4
OL,Adrian Tre,28,2010,53,61,90,77,67,57,2.0,2
OL,Justin Perry,28,2010,50,57,87,67,68,63,0.5,1
OL,Andrew Tran,24,2014,80,56,88,62,61,67,0.5,1
OL,Luther Wendell,24,2014,50,75,89,56,58,56,0.5,1
K,Lirim Hajrullahu,27,2011,61,69,75,85,82,79,3.1,2
K,Damarco Steven,25,2013,70,67,85,67,59,67,0.5,1
S,Jermaine Gabriel,27,2011,95,67,79,76,84,73,2.0,3
S,Matt Webster,25,2014,59,58,66,62,70,83,1.1,2
CB,Brandon Harris,27,2011,79,74,58,78,81,70,4.5,4
CB,Akwasi Owusu,29,2008,86,58,68,72,88,80,3.0,3
CB,Cassius Vaughgn,29,2008,56,83,88,79,83,75,2.0,2
CB,Tyrell Clifton,25,2014,81,52,91,74,82,60,2.4,1
CB,Theo Jerry,26,2011,73,71,51,75,68,66,2.0,1
CB,Juan Shawnte,26,2012,80,79,50,69,62,64,0.5,1
DL,Ken Bishop,26,2012,67,79,89,69,58,88,4.0,1
DL,Victor Butler,29,2008,82,84,59,75,74,80,2.0,4
DL,Jeffrey Finley,25,2014,67,74,85,76,70,60,5.5,2
DL,Cleyon Laing,26,2013,83,58,73,75,78,80,4.5,1
DL,Shawn Lemon,28,2009,73,86,70,83,63,74,3.0,3
DL,Eric Martin,25,2013,85,67,62,80,56,80,2.0,4
DL,Justin Tuggle,27,2011,84,78,81,61,71,64,0.5,2
DL,Joseph Roman,30,2008,58,51,54,61,60,69,0.5,1
LB,Marcus Ball,30,2008,74,65,72,86,76,89,6.0,4
LB,Bear Woods,30,2008,79,85,55,82,89,87,3.0,4
LB,Rico Murray,29,2009,85,81,68,75,63,71,1.0,1
LB,Terrance Plummer,24,2015,81,61,74,78,57,70,0.5,3
LB,Joseph Kobe,30,2008,71,64,61,69,65,67,0.5,1
LB,Bobby Dick,25,2013,96,78,57,68,56,63,0.5,1
LB,Charles Kevin,31,2007,75,63,72,61,63,62,0.5,1
LB,Javan Rufus,31,2007,52,66,104,65,55,57,0.5,1
END_PLAYERS
Northern Bisons,NRN
QB,Tristram Sanders,33,2004,98,84,51,110,90,78,21.3,4
QB,Damon Theo,29,2009,54,77,90,60,64,67,3.5,1
RB,Rosendo Hartwin,27,2010,92,55,65,79,67,89,5.0,3
RB,Victor Marcel,30,2008,79,69,83,79,78,70,3.3,2
RB,Paul Harold,26,2013,91,69,81,69,78,70,3.3,2
RB,Long Kaynard,24,2014,56,57,90,67,69,56,0.5,1
WR,Edward Jeremy,29,2009,89,64,66,84,101,80,7.5,4
WR,Michael Orlando,29,2010,79,74,78,67,75,88,3.0,1
WR,Zed Mattias,23,2016,98,87,79,69,92,70,4.0,4
WR,Johnson Robert,29,2009,71,68,51,81,63,61,2.3,2
WR,Rodell Rhys,33,2005,78,65,105,60,66,68,0.5,1
WR,Walter Scott,28,2010,86,75,60,61,63,69,0.5,1
OL,Gerald Michael,25,2012,66,61,65,93,72,65,4.4,1
OL,Tre Wardell,32,2005,81,57,79,88,65,73,3.3,4
OL,John Jason,26,2011,71,70,87,84,62,72,3.1,2
OL,Dirk Douglas,37,2002,85,82,92,74,80,82,2.2,3
OL,Tyrell Daniel,24,2015,62,79,56,73,82,77,2.9,2
OL,Theo Umar,25,2012,97,57,60,70,72,83,2.6,3
OL,Frank Mark,28,2009,60,65,85,73,74,58,1.9,3
OL,Adam Reggie,33,2005,84,81,75,69,64,69,0.5,1
OL,Frank Michael,23,2015,61,70,57,69,69,59,0.5,1
OL,Brian Alwan,24,2014,60,60,56,55,68,66,0.5,1
K,Ryan Tyronne,31,2007,50,64,51,90,72,59,2.2,4
K,Joseph William,24,2014,50,76,93,62,58,63,0.5,1
S,Myers Eli,29,2008,86,64,85,77,72,71,3.0,1
S,Wendell Kobe,25,2013,70,75,71,59,58,58,0.5,1
CB,Terrell Rufus,21,2016,93,62,71,86,95,81,4.5,4
CB,Adrian Joseph,27,2010,89,85,94,82,75,67,2.9,1
CB,Benton Lavon,25,2014,57,64,60,79,64,71,2.6,3
CB,Richard Draymond,28,2010,88,62,101,78,70,65,2.2,1
CB,Michael Paul,27,2010,63,51,79,73,75,65,2.0,3
CB,Clayton Umar,30,2008,69,68,83,65,59,59,0.5,1
DL,Denver Fillin,23,2016,68,77,79,69,83,74,1.0,4
DL,Benton Wayne,28,2010,76,74,63,81,92,77,4.0,4
DL,Roman Dequain,25,2012,79,66,75,83,65,64,2.9,3
DL,Randall Wayne,25,2014,54,51,82,78,69,68,2.8,2
DL,Spike George,25,2012,72,70,50,77,72,61,2.4,3
DL,Tran Peyton,31,2007,88,57,66,68,56,59,0.5,1
DL,Odell Omari,33,2005,68,55,60,62,58,55,0.5,1
DL,Spike Quinton,23,2015,50,66,58,56,68,55,0.5,1
LB,Trayvon Dick,28,2009,63,59,83,85,85,63,3.5,3
LB,Nate Walter,25,2012,80,63,61,76,95,70,3.5,3
LB,Aaron Samuel,27,2012,96,75,71,76,77,84,3.1,3
LB,Clayton Daniel,28,2010,74,58,51,64,86,78,2.0,1
LB,James Eli,32,2006,86,53,80,66,65,60,0.5,1
LB,Joe Hunter,31,2007,88,64,101,66,58,60,0.5,1
LB,Joshua Damon,22,2016,70,51,59,64,62,62,0.5,1
LB,Frank Ralph,25,2013,81,77,91,63,56,68,0.5,1
END_PLAYERS
Quebec Outlaws,QBC
QB,Bruno Alger,27,2010,80,59,80,70,86,78,9.8,3
RB,Hyacinthe Eustache,21,2016,81,80,73,88,81,91,4.5,4
RB,Jerry Sacha,31,2008,82,83,71,71,92,73,4.4,2
RB,Edward Patrick,25,2013,99,80,88,69,75,69,3.3,2
RB,Damarco Carl,29,2009,71,51,78,63,69,68,0.5,1
WR,Scott Joe,23,2015,80,65,68,93,80,83,8.3,3
WR,Jerry Wardell,30,2009,92,54,98,78,68,76,3.2,1
WR,Gale Sheamus,22,2016,64,75,82,71,88,72,3.0,4
WR,Damarco Michael,30,2009,89,64,84,67,66,83,2.1,2
WR,Fred Talin,33,2005,59,54,80,64,64,66,0.5,1
WR,Jason Tyree,26,2012,73,56,50,65,56,67,0.5,1
OL,Edward Odell,31,2007,101,70,69,105,89,77,8.0,1
OL,Arne Marco,27,2011,64,72,74,82,64,75,3.1,1
OL,Matthew Adam,25,2012,102,62,62,79,70,76,3.1,1
OL,Shea Aubin,25,2014,62,51,59,74,76,78,2.9,1
OL,Frank Raymond,26,2013,90,71,67,73,70,74,2.2,3
OL,Squires Henry,27,2010,52,69,63,81,53,62,2.0,2
OL,Damon Ralph,28,2010,68,77,51,66,69,69,0.5,1
OL,Randall Deon,23,2015,89,75,69,60,69,69,0.5,1
OL,Clayton George,30,2008,65,64,60,63,57,59,0.5,1
OL,Ha-Ha Roy,24,2014,79,65,87,60,59,64,0.5,1
K,Wendell Adrian,30,2007,92,73,64,84,82,67,2.5,1
S,Coilean Boris,23,2015,96,59,63,81,70,65,3.5,2
S,Kim Charles,22,2016,85,51,68,66,67,57,0.5,1
CB,James Paul,25,2012,87,75,70,85,80,60,3.3,2
CB,Jerraud Powers,28,2009,77,82,90,86,90,50,1.8,1
CB,Lucien Prudenzio,26,2013,81,66,85,75,90,46,0.7,4
CB,Matthew Keon,25,2012,50,58,86,67,82,75,2.4,3
CB,Joe Richard,23,2014,63,64,53,64,69,85,2.0,1
CB,Harold Benton,30,2008,62,73,74,65,58,58,0.5,1
DL,Russell Paul,23,2015,82,71,75,67,65,67,0.5,1
DL,Hunter Tre,30,2007,92,82,66,64,97,93,2.8,1
DL,John Lavon,22,2016,96,72,81,82,61,61,2.8,1
DL,Comgal Hilaire,26,2013,66,66,93,70,92,68,2.6,2
DL,Damon Damarco,23,2015,50,69,76,72,61,86,2.4,3
DL,Cordell Spike,23,2014,77,51,80,60,91,79,2.0,1
DL,Spike Robert,23,2015,63,52,80,64,60,55,0.5,1
LB,Tendai Milton,22,2016,85,95,68,65,87,79,1.0,4
LB,Kevin Andre,33,2005,86,81,81,79,69,94,3.1,2
LB,Michael Douglas,23,2015,97,59,60,67,72,83,2.2,1
LB,Brian Rufus,32,2006,53,60,54,64,63,67,0.5,1
LB,Ryan Clifton,30,2008,77,55,78,63,64,63,0.5,1
LB,Tyrell Deon,33,2005,83,77,78,64,62,57,0.5,1
LB,Joshua Omari,25,2013,57,66,75,61,59,62,0.5,1
END_PLAYERS
Halifax Concordes,HAL
QB,Gabriel Marcel,28,2009,75,57,65,62,97,68,9.8,3
QB,Kaynard Fred,28,2009,78,68,50,72,83,69,8.2,3
RB,Jace Damham,22,2016,67,78,77,69,83,79,1.0,4
RB,John Donald,26,2012,85,63,50,105,65,69,5.3,3
RB,Lucius Steven,26,2011,79,76,65,68,62,88,3.3,1
RB,Hunter Orlando,29,2009,52,62,60,59,61,69,0.5,1
WR,Alfred Phelan,28,2010,77,75,69,81,74,67,0.5,1
WR,Dajon Dexter,22,2015,56,65,58,71,62,89,3.5,1
WR,Tim Vashan,24,2013,50,56,50,71,72,72,2.8,1
WR,Frank Eli,28,2011,56,66,91,78,61,70,2.6,2
WR,Brady Omari,28,2010,77,75,69,61,64,57,0.5,1
OL,Chi Joseph,22,2016,86,89,80,75,92,89,3.0,4
OL,Omarr Damon,32,2005,96,66,68,105,81,82,7.7,3
OL,Randall Ha-Ha,29,2008,75,83,50,85,68,58,2.8,1
OL,Billy Rondall,27,2011,85,52,66,81,59,74,2.8,3
OL,Jimmy Adam,23,2014,83,60,89,77,57,84,2.8,1
OL,Patrick Myers,23,2015,60,73,65,78,60,66,2.4,3
OL,Ryan Isaac,25,2012,103,82,73,67,64,85,2.0,2
OL,Dajon Andrew,32,2006,91,58,59,63,64,63,0.5,1
OL,Roman Thomas,28,2010,69,57,54,62,64,61,0.5,1
OL,Douglas Anthony,25,2013,50,74,70,63,64,56,0.5,1
K,Squires Adam,27,2011,65,59,52,93,82,65,3.7,1
K,Tim Isaac,25,2013,53,50,65,59,61,67,0.5,1
S,David Adrian,31,2007,90,59,85,80,83,70,3.7,3
S,Joe Kobe,24,2014,80,61,54,57,59,61,0.5,1
CB,Mirko Roland,21,2016,60,68,63,96,75,89,4.5,4
CB,Kendall Gilberto,27,2012,87,56,97,86,69,70,3.1,2
CB,Tyronne Clayton,25,2012,101,62,62,83,62,70,2.8,1
CB,Gerald Juan,25,2012,53,50,81,81,63,64,2.4,1
CB,Ben Peter,28,2011,74,67,96,66,64,84,1.9,2
CB,Juan Otis,31,2007,64,69,64,65,64,62,0.5,1
DL,Ryan Jack,29,2009,74,51,87,86,94,59,4.0,3
DL,Russell Squires,29,2010,84,80,79,80,76,83,3.3,1
DL,Fulbert Lucho,21,2016,59,77,98,78,80,66,3.3,3
DL,Kim Juan,30,2008,92,58,58,74,74,69,2.2,3
DL,Theo Hunter,29,2008,63,58,114,76,62,73,2.0,3
DL,Damon Omarr,23,2015,54,74,92,62,65,69,0.5,1
DL,Carlos Javan,26,2012,60,52,52,62,57,68,0.5,1
DL,Randall Raymond,29,2009,81,68,92,58,56,65,0.5,1
LB,Juan Adrian,29,2009,83,60,56,79,107,85,5.2,4
LB,Iggy Ruben,27,2012,56,64,51,82,65,71,2.9,3
LB,Charles Kim,24,2015,63,63,93,81,73,62,2.9,2
LB,Jeremiah Carl,28,2009,61,60,50,70,71,72,1.9,2
LB,Adrian Raymond,23,2015,73,68,91,61,60,67,0.5,1
LB,Tre Dennis,29,2009,68,73,52,64,59,58,0.5,1
LB,Gerald Robert,28,2010,68,73,84,58,69,61,0.5,1
LB,Tupac Harold,29,2009,50,58,65,61,55,65,0.5,1
END_PLAYERS
Atlantic Schooners,ATL
QB,Andre Fabrizio,27,2010,62,71,78,86,80,71,11.0,4
QB,Omari Charles,26,2011,50,75,55,75,70,67,5.7,2
RB,Basile Edison,22,2016,66,75,78,70,79,84,3.0,4
RB,Chris Norman,34,2005,88,81,62,78,84,73,4.2,2
RB,Tyronne Reggie,27,2011,72,57,61,69,78,64,2.8,3
RB,Carlos Omari,26,2012,95,64,50,63,62,67,0.5,1
WR,Wendell Blewitt,25,2012,98,72,96,73,110,65,5.0,4
WR,Orfeo Sven,25,2014,88,59,68,79,73,79,4.2,2
WR,Gabriel Kemble,27,2012,73,80,87,85,71,60,3.5,1
WR,Cordell Gerald,30,2007,51,59,51,79,64,68,2.6,2
WR,Justin Rhys,30,2008,66,81,83,69,65,62,0.5,1
WR,Darik Jose,27,2011,62,56,95,63,65,61,0.5,1
OL,Irving Zephania,23,2016,71,60,83,74,89,72,2.5,4
OL,Michael Umar,33,2004,116,70,80,81,94,98,5.2,2
OL,Hartwin Horace,23,2014,83,52,68,82,76,69,3.5,2
OL,Ha-Ha Bobby,25,2012,54,56,102,78,78,69,3.1,1
OL,Scott Ha-Ha,22,2015,94,66,68,75,88,64,3.1,2
OL,Squires Frank,27,2010,100,57,50,77,76,64,2.6,1
OL,Fred Mark,24,2013,95,63,76,72,69,82,2.6,2
OL,John Clayton,28,2009,53,56,74,76,74,52,1.9,3
OL,Trayvon Kendrick,28,2010,84,69,57,62,58,63,0.5,1
OL,Frank Shawnte,25,2013,91,77,78,56,64,67,0.5,1
K,Jon Stupak,36,2002,71,56,91,87,75,81,1.9,1
K,Adam David,32,2006,81,72,69,65,60,65,0.5,1
S,Samuel Juan,23,2014,78,62,77,84,61,69,3.5,3
S,Draymond Randall,26,2012,61,70,51,65,61,55,0.5,1
CB,Penjani Mack,28,2010,91,55,83,100,107,74,8.0,1
CB,Jack Quinton,24,2013,50,55,88,76,61,71,2.2,2
CB,Dontrell Rhys,21,2016,72,77,61,62,85,72,2.2,1
CB,Cordell Billy,29,2009,85,68,65,60,58,67,0.5,1
CB,Juan Ryan,27,2011,80,53,89,56,61,63,0.5,1
DL,Tran Dennis,28,2011,87,52,95,83,105,62,4.2,1
DL,Vashan Nate,23,2016,68,76,68,87,66,63,3.5,2
DL,Dajon Ben,26,2012,87,68,83,80,67,75,2.9,3
DL,Isaac Jimmy,26,2013,80,65,82,76,68,73,2.4,3
DL,Alan Fred,21,2016,78,70,78,74,64,75,2.6,3
DL,Edward Orlando,29,2009,59,54,58,62,64,64,0.5,1
DL,Johnson Carlos,25,2013,58,57,67,60,62,65,0.5,1
DL,Bobby Damian,30,2008,92,76,50,58,57,55,0.5,1
LB,Vinicio Leo,23,2016,71,69,76,91,84,75,4.5,4
LB,Orlando Tim,29,2009,93,79,67,77,78,79,2.9,1
LB,Dontrell Fred,23,2015,89,55,65,77,91,56,2.9,3
LB,Arthur Alwan,27,2010,55,77,61,62,67,99,1.9,3
LB,Delroy Daniel,27,2011,93,79,50,69,62,64,0.5,1
LB,Damon Jahquil,23,2015,64,79,81,68,59,65,0.5,1
LB,Tim Steven,29,2009,70,57,74,59,63,60,0.5,1
LB,Tyronne Otis,27,2011,50,60,80,55,55,63,0.5,1
END_PLAYERS
Yukon Grizzlies,YUK
QB,Giacobbe Bartheliny,21,2016,63,89,69,99,60,75,4.5,4
RB,Oscar Nico,31,2006,92,78,54,86,88,67,5.0,1
RB,Tyler Micha,29,2008,84,86,80,66,83,73,3.6,2
RB,Anthony Ben,28,2009,89,72,69,64,85,61,2.8,2
RB,Gerald Ha-Ha,29,2009,54,73,64,63,61,61,0.5,1
WR,Clancy Wade,31,2008,85,63,81,92,67,71,4.2,2
WR,Arjan Upton,21,2016,84,77,72,81,77,62,3.9,3
WR,Dashiell Jaxson,24,2015,82,64,68,74,70,88,3.9,3
WR,Blake Lucian,23,2014,64,61,76,83,57,70,3.2,2
WR,Steven Adrian,29,2009,89,83,50,61,65,58,0.5,1
WR,George Gerald,22,2016,99,51,56,61,57,64,0.5,1
OL,Cavan Ansgar,26,2012,98,81,90,92,78,84,6.4,3
OL,Ralph Talin,24,2014,57,60,91,78,85,78,3.7,1
OL,Matthew Tyronne,32,2006,82,85,92,80,74,76,2.9,3
OL,Long Ralph,23,2014,95,68,58,82,66,65,2.9,1
OL,Donald Otis,25,2012,74,56,86,78,71,69,2.8,1
OL,Dexter Umar,27,2010,69,69,50,71,58,92,2.2,2
OL,Eric Walter,25,2014,50,61,78,71,80,57,2.0,3
OL,Roy Jimmy,30,2008,84,67,76,67,67,67,0.5,1
OL,Bruce Joseph,30,2008,90,55,65,56,65,59,0.5,1
OL,Daniel Tim,30,2008,65,51,58,57,61,61,0.5,1
K,Myers Hunter,26,2012,54,62,51,64,95,66,2.2,3
K,Hunter Perry,28,2010,50,73,51,57,57,63,0.5,1
S,Koa Kurt,28,2010,80,78,74,80,73,76,3.7,1
S,Deon Tran,25,2013,63,61,70,58,57,64,0.5,1
CB,Sandro Reuben,23,2016,99,61,72,86,75,82,3.0,4
CB,Rupert Mason,30,2007,50,67,83,85,81,81,4.0,2
CB,Tyree Roy,32,2006,105,76,90,85,65,76,2.8,1
CB,Omari Joe,27,2010,85,76,58,69,74,76,2.2,3
CB,Theo Rhys,24,2013,77,51,50,68,74,70,2.0,2
CB,Aaron Delroy,27,2011,75,67,90,65,68,56,0.5,1
DL,Carl Joe,26,2011,90,76,61,106,77,80,8.0,4
DL,Bobby Jack,33,2005,82,72,66,78,82,59,2.4,1
DL,Abel Bjorn,24,2015,88,57,66,76,81,59,2.6,2
DL,Roy Eric,27,2011,91,55,99,69,68,86,2.2,1
DL,Eric Alan,27,2012,60,71,82,69,63,81,1.9,1
DL,Dennis Draymond,25,2013,59,56,71,69,60,60,0.5,1
DL,James Umar,25,2013,73,74,56,58,69,64,0.5,1
DL,Joe Joe,32,2006,98,73,64,58,63,61,0.5,1
LB,Dixon Micheal,22,2016,94,88,72,87,82,62,1.5,4
LB,Pika Moti,29,2008,68,52,73,81,80,71,3.1,2
LB,Blewitt Carlos,25,2012,51,74,83,81,69,71,3.1,2
LB,Steven Draymond,24,2014,52,60,50,61,61,59,0.5,1
LB,Perry Nate,30,2008,69,52,73,56,63,64,0.5,1
LB,Mark Lebron,33,2005,55,62,95,56,61,60,0.5,1
LB,Scott Spike,33,2005,55,76,50,56,61,55,0.5,1
END_PLAYERS
Miami Manatees,MIA
QB,William Samuel,22,2016,83,92,76,62,92,77,8.5,4
QB,Billy Tim,26,2012,105,63,52,67,63,66,0.5,1
RB,Edgardo Alinafe,29,2010,101,58,95,78,97,79,6.6,3
RB,Shannon Napoleon,29,2008,80,57,64,84,68,69,3.3,1
RB,Damarco Juan,24,2014,68,66,86,83,67,62,3.1,3
RB,Jarvis Douglas,24,2014,51,60,74,64,62,66,0.5,1
WR,Sheamus Dries,29,2008,81,70,63,78,77,84,4.2,3
WR,Benj Conall,28,2009,77,81,89,79,73,83,3.9,2
WR,Cian Bert,32,2005,99,77,60,72,90,68,3.0,3
WR,Justin Justin,27,2011,97,73,65,68,82,70,2.8,2
WR,Steven Jordan,26,2012,53,67,65,65,69,56,0.5,1
WR,Tran Squires,32,2006,71,52,50,55,69,57,0.5,1
OL,Narciso Remo,21,2016,90,68,79,68,90,76,3.0,4
OL,Gabriel Sekani,32,2006,82,51,72,79,75,90,3.3,1
OL,Nguyen Damian,25,2012,85,70,93,79,87,65,3.3,3
OL,Quinton Dontrell,29,2009,72,69,71,82,57,81,2.8,2
OL,Leland Mortimer,25,2012,57,50,57,78,64,75,2.8,1
OL,Tran Wayne,26,2011,66,79,93,75,73,58,2.0,2
OL,George Mark,23,2016,73,76,55,71,72,65,2.0,1
OL,Lucius Brady,29,2009,54,70,79,65,56,69,0.5,1
OL,Tre Andrew,22,2016,92,63,73,68,59,60,0.5,1
OL,Ronald Roy,30,2008,63,56,81,56,56,67,0.5,1
K,Randall Eli,31,2007,103,89,90,60,90,75,1.5,1
K,Carlos Shawnte,28,2009,65,56,90,78,63,65,1.1,1
S,Colin Elray,22,2016,75,92,72,89,64,74,4.0,4
S,Donald Alan,27,2011,80,75,83,68,64,66,0.5,1
CB,Mario Horace,26,2011,99,54,81,94,80,64,4.4,3
CB,Quinton Tim,29,2010,68,78,51,78,88,66,2.9,2
CB,Jimmy Shawnte,30,2008,57,70,56,72,58,92,2.2,2
CB,Walter Marvin,30,2008,56,53,51,64,67,93,2.0,2
CB,Terry Ronald,29,2009,67,60,50,83,65,56,1.9,1
CB,Eric Andre,29,2009,71,76,59,58,55,62,0.5,1
DL,Tim Aaron,24,2013,95,68,61,84,72,86,4.4,1
DL,Joseph Rondall,27,2010,65,75,88,76,87,82,3.5,2
DL,Udo Gerry,26,2012,94,76,52,71,77,93,2.9,3
DL,Kevan Taegan,24,2014,66,58,66,71,80,72,2.6,3
DL,Philippe Fiete,26,2013,91,60,81,65,78,88,2.2,1
DL,Carl Squires,23,2015,93,79,75,69,56,62,0.5,1
DL,Mark Blewitt,30,2008,66,53,61,66,60,64,0.5,1
DL,Rhys Rhys,33,2005,53,63,57,67,67,55,0.5,1
LB,Donal Foster,33,2004,91,69,52,82,85,76,3.3,3
LB,Kam Cass,23,2016,93,60,53,85,76,62,3.5,1
LB,Damian Joseph,30,2008,68,73,58,75,91,63,2.6,1
LB,Lucius John,27,2010,50,70,50,70,89,60,2.0,3
LB,Thor David,22,2016,86,72,58,68,62,58,0.5,1
LB,Michael Darik,30,2008,106,71,67,67,56,64,0.5,1
LB,Beckham Jose,29,2009,105,68,58,62,69,56,0.5,1
LB,Kim Vashan,30,2008,59,55,75,64,56,55,0.5,1
END_PLAYERS
Baltimore Stallions,BAL
QB,Tracy Ham,26,2012,96,60,55,83,77,72,9.3,1
QB,Dan Crowley,26,2012,96,60,55,83,77,72,9.3,1
RB,Mike Pringle,28,2011,70,82,87,93,90,88,10.0,3
RB,Peter Tuipolotu,24,2014,88,67,95,75,71,74,3.6,3
WR,Chris Armstrong,25,2013,91,67,71,87,78,64,4.7,3
WR,Robert Clark,25,2013,84,51,77,85,83,62,4.4,2
WR,Shannon Culver,27,2011,76,70,50,79,70,82,3.9,2
WR,Walter Wilson,26,2012,88,79,69,76,66,69,2.6,3
WR,Eddie Britton,32,2006,81,58,89,60,62,60,0.5,1
WR,Carlos Jarvis,32,2006,106,73,53,58,61,59,0.5,1
OL,Shar Pourdunesh,25,2014,66,78,62,91,80,83,7.0,4
OL,Neal Fort,34,2005,96,72,77,77,89,69,2.6,1
OL,John Earle,24,2015,53,78,78,76,78,74,3.1,1
OL,Antonio London,29,2010,52,76,78,74,86,71,2.6,1
OL,Keith Ballard,28,2010,92,61,99,78,68,65,2.4,2
OL,Guy Earle,24,2013,87,74,64,71,79,72,2.4,1
OL,Oneil Glenn,30,2008,62,70,85,67,69,81,1.7,1
OL,Nick Subis,25,2013,94,63,65,67,62,69,0.5,1
OL,Perry Andrew,30,2008,94,77,75,66,64,59,0.5,1
OL,Manning Joe,33,2005,78,75,51,64,56,69,0.5,1
K,Josh Miller,32,2005,66,62,69,89,71,73,2.1,4
K,Donald Igwebuike,31,2007,66,56,53,68,69,62,0.5,1
S,Michael Brooks,21,2016,80,76,73,74,66,83,3.7,3
S,Lester Smith,28,2010,68,70,60,55,68,64,0.5,1
CB,Irvin Smith,27,2011,81,68,91,87,75,87,1.0,4
CB,Karl Anthony,25,2013,95,73,67,90,71,59,3.3,1
CB,Stan Petry,35,2004,91,60,87,74,79,73,2.2,1
CB,Charles Anthony,24,2014,50,55,83,69,85,66,2.4,3
CB,Kwame Smith,27,2010,87,74,50,68,78,68,1.9,3
CB,Ken Watson,25,2013,85,58,71,56,67,63,0.5,1
DL,Elfrid Payton,24,2013,89,60,55,101,73,60,6.7,1
DL,Tom Fuhler,26,2013,91,67,58,78,74,76,2.9,2
DL,Brent White,27,2010,69,67,55,74,75,77,2.6,3
DL,Grant Carter,25,2012,81,77,91,76,69,68,2.6,2
DL,Jerald Baylis,21,2016,74,76,83,81,60,61,2.6,3
DL,Malcom Showell,27,2011,82,76,84,65,66,69,0.5,1
DL,Scott Miller,22,2016,99,70,63,60,58,68,0.5,1
DL,Frank Draymond,26,2012,92,76,83,55,62,65,0.5,1
LB,Alvin Walton,29,2009,97,59,63,75,94,65,2.8,3
LB,Matt Goodwin,27,2012,91,53,74,81,62,69,2.6,2
LB,Tracy Gravely,29,2010,88,76,71,73,65,78,2.0,2
LB,Oj Brigance,29,2009,63,74,70,62,63,64,0.5,1
LB,Ronald Darik,30,2008,77,54,75,64,62,58,0.5,1
LB,Manning Benton,25,2013,67,63,101,56,61,61,0.5,1
LB,Omarr Russell,27,2011,89,64,53,56,59,60,0.5,1
END_PLAYERS
Norfolk Americans,NOR
QB,Corwin Earl,22,2016,79,72,73,67,88,77,6.0,4
QB,Meino Malone,23,2015,97,71,66,81,79,65,9.8,1
RB,Dick Scott,31,2008,82,73,51,98,70,85,6.3,2
RB,Coleman Cade,22,2016,98,90,63,73,91,64,1.0,4
RB,Lavon Spike,26,2012,86,62,73,69,60,69,0.5,1
RB,Ha-Ha Wardell,31,2007,67,59,59,66,63,68,0.5,1
WR,Jengo Joop,26,2011,75,71,63,84,69,78,4.2,2
WR,Wilkie Bruno,30,2009,73,74,65,60,92,96,3.7,3
WR,Edwin Lenard,31,2007,96,67,62,70,89,76,3.2,2
WR,Larry Clifton,31,2006,62,65,73,78,64,82,3.0,3
WR,Peter Andrew,22,2016,79,61,74,57,67,64,0.5,1
WR,Daniel Lee,23,2015,54,78,61,60,59,57,0.5,1
OL,Adrian Charles,31,2007,94,82,81,84,98,86,5.7,3
OL,Kevin Wenzeslaus,26,2013,93,64,80,75,76,74,2.8,2
OL,Troy Silvio,28,2010,102,72,62,73,72,82,2.6,3
OL,Billy Jamaar,25,2012,87,79,57,75,77,67,2.6,2
OL,Tyree Dajon,22,2015,73,65,56,73,72,70,2.6,3
OL,Henry Richard,23,2014,99,74,80,71,63,80,2.2,1
OL,Johnson Albert,29,2010,74,79,55,64,75,88,1.9,2
OL,Carlos Theo,24,2014,88,79,85,70,61,80,2.0,1
OL,Delroy Nguyen,28,2009,59,59,73,64,81,78,1.9,1
OL,Anthony Scott,28,2010,74,70,96,67,69,62,0.5,1
K,Justin Talin,29,2009,106,69,64,96,88,72,4.5,5
K,David Samuel,24,2014,65,74,106,67,66,60,0.5,1
S,Luuk Alan,23,2014,76,61,93,82,66,60,3.0,1
S,Rondall Fred,26,2012,70,78,72,63,62,65,0.5,1
CB,Leith Campbell,24,2013,71,59,70,81,94,73,4.4,2
CB,Wardell Roman,32,2006,50,68,74,83,85,60,2.8,1
CB,George Albert,32,2005,83,79,104,84,70,63,2.4,2
CB,Jarvis Samuel,25,2012,57,55,53,74,73,65,2.2,2
CB,Johnson Bobby,21,2016,80,75,91,67,70,76,2.2,3
CB,Andre Terry,32,2006,57,53,50,67,57,68,0.5,1
DL,Hunter Donald,26,2011,81,63,71,79,92,88,4.4,3
DL,Tau Laurent,26,2011,79,51,67,83,61,84,3.3,1
DL,Alwan Anthony,27,2012,82,66,91,74,93,67,2.9,3
DL,Clair Elwin,23,2015,79,53,55,72,82,72,2.6,2
DL,Rhys Theo,25,2014,67,50,60,72,78,69,2.4,1
DL,Jose Kevin,28,2010,66,68,86,66,60,67,0.5,1
DL,Adam Rondall,28,2010,79,79,69,60,57,66,0.5,1
DL,Terry Andrew,22,2016,72,55,67,58,67,60,0.5,1
LB,Alwan Jerry,31,2007,78,57,91,93,62,64,3.5,3
LB,Fred Jason,32,2005,105,80,63,80,81,82,3.3,4
LB,Drennan Mel,21,2016,69,95,73,82,74,69,3.0,4
LB,Tre Jack,23,2016,53,76,86,68,70,81,2.2,2
LB,Andre Tupac,28,2011,62,58,75,63,80,83,1.9,2
LB,Frank Kendrick,26,2012,81,83,74,64,64,61,0.5,1
LB,Bobby Myers,32,2006,103,81,77,64,56,65,0.5,1
LB,Trayvon Lavon,29,2009,56,50,53,62,65,56,0.5,1
END_PLAYERS
Memphis Maddogs,MEM
QB,Adamo Vince,21,2016,83,80,67,80,70,70,4.5,4
QB,Dirk Patrick,25,2012,54,52,59,69,77,63,6.7,3
RB,Jax Brian,28,2009,80,65,64,92,91,90,10.9,3
RB,Adair Sonnie,25,2012,84,65,75,66,70,82,3.1,2
RB,Robert Andrew,32,2006,57,57,51,66,67,61,0.5,1
RB,Terry Trayvon,31,2007,54,62,111,69,65,57,0.5,1
WR,Joe Horn,23,2016,99,80,63,81,70,76,4.5,4
WR,Vern Victor,24,2013,79,75,76,89,72,56,3.9,1
WR,Brion Colum,34,2003,83,88,77,82,73,65,2.8,3
WR,Ronald Adam,23,2016,67,53,56,73,84,58,3.0,3
WR,Beckham Rodell,22,2016,58,68,82,66,57,61,0.5,1
WR,Tyrell Jerry,22,2016,56,65,60,57,59,62,0.5,1
OL,Tupac Bobby,25,2013,91,63,97,88,68,92,5.2,1
OL,Dequain Jahquil,24,2013,81,79,91,88,59,80,4.0,2
OL,Justin Damon,36,2002,108,86,98,75,76,90,2.6,1
OL,Carnell Javan,29,2008,77,72,74,75,70,90,2.9,2
OL,Dennis Jose,31,2007,104,91,61,81,69,67,2.4,3
OL,Rodell Tyrell,28,2009,70,50,50,72,70,70,2.0,3
OL,Lucius Lucius,27,2011,72,52,93,71,71,69,1.9,1
OL,Cordell Rondall,33,2005,71,73,91,67,55,64,0.5,1
OL,Rodell Kendrick,26,2012,66,62,70,61,59,63,0.5,1
OL,Ronald Richard,23,2015,53,67,56,60,65,60,0.5,1
K,Donald Igwebuike,32,2006,73,80,92,85,75,92,2.0,4
K,William James,23,2014,74,71,80,56,87,73,1.4,2
S,Kit Mayeso,22,2016,68,79,68,82,68,70,2.0,3
S,Jahquil Kaynard,27,2011,76,56,72,57,64,61,0.5,1
CB,Lee Wardell,31,2006,85,67,54,86,81,73,3.5,4
CB,Lamar Nguyen,27,2012,85,52,74,83,81,71,3.5,2
CB,Alex Devyn,22,2015,96,72,60,75,75,74,2.9,3
CB,Arthur Peyton,22,2016,71,78,51,66,76,80,2.6,2
CB,Frank Shawnte,29,2009,66,72,79,64,85,68,1.7,1
CB,Keon Arthur,29,2009,56,67,57,59,59,68,0.5,1
DL,Alwan Robert,31,2007,61,61,55,96,64,64,4.0,3
DL,Adam James,28,2009,70,72,75,88,66,60,3.1,3
DL,Joe Shawnte,27,2011,50,57,64,81,73,64,2.9,3
DL,Dajon Bruce,23,2014,76,72,92,75,76,78,2.6,1
DL,Richard John,22,2016,59,79,94,67,92,64,2.4,2
DL,Beckham Omarr,28,2010,74,73,51,74,54,74,1.9,1
DL,Carl Derrick,30,2008,72,78,52,64,64,63,0.5,1
DL,Tim Javan,33,2005,63,50,66,65,60,57,0.5,1
LB,Alex Gordon,31,2007,81,82,73,83,66,74,2.0,3
LB,Aaron Johnson,35,2002,91,63,85,86,64,66,2.6,3
LB,Alwan Harry,29,2009,78,55,50,75,70,80,2.6,2
LB,Tim Wardell,28,2009,70,63,75,71,79,61,1.9,1
LB,Benton Hakeem,30,2008,50,50,104,64,68,63,0.5,1
LB,Lucius Bruce,27,2011,74,66,78,58,68,69,0.5,1
LB,Aaron Donald,30,2008,51,62,88,55,58,69,0.5,1
LB,Anthony Hakeem,22,2016,94,62,66,55,61,67,0.5,1
END_PLAYERS
Hamlton Tigercats,HAM
QB,Jeremiah Masoli,28,2011,81,61,73,74,85,80,7.0,2
QB,Zach Collaros,28,2011,75,63,73,70,75,72,4.5,4
RB,Ross Scheuerman,24,2015,74,69,71,71,78,79,5.0,3
RB,Mercier Timmis,23,2016,85,61,66,68,79,73,3.0,4
RB,CJ Gable,29,2009,70,87,68,80,72,74,1.0,1
RB,Carl Olivier-Prime,27,2011,84,61,87,74,68,64,1.0,1
WR,Jalen Saunders,24,2015,90,64,75,75,84,72,3.0,3
WR,Luke Tasker,26,2013,86,62,69,87,76,67,4.0,2
WR,Brandon Banks,25,2013,80,73,86,73,80,81,4.0,2
WR,Chris Williams,28,2010,75,64,77,72,61,72,1.0,3
WR,Colt Mccoy,29,2009,64,85,58,60,85,66,0.5,1
WR,Mike Jones,29,2009,65,64,83,58,75,60,0.5,2
OL,Ryan Bomben,30,2008,68,64,74,83,84,66,4.0,4
OL,Mike Filer,27,2011,81,68,80,57,76,78,2.0,3
OL,Xavier Fulton,31,2008,57,61,75,83,73,66,4.0,2
OL,Brandon Revenberg,24,2015,79,87,57,62,79,73,1.0,4
OL,Landon Rice,29,2009,83,78,73,74,78,79,3.0,1
OL,Adrian Joshua,26,2013,91,78,72,67,81,75,2.0,1
OL,Nguyen Albert,24,2014,52,77,51,71,68,70,2.0,1
OL,Keon Wardell,22,2016,59,68,76,67,60,64,0.5,1
OL,Lamar Carlos,23,2015,63,68,62,64,64,67,0.5,1
OL,Jerry Omarr,31,2007,55,50,88,55,62,63,0.5,1
K,Lirim Hajrullahu,24,2014,95,53,69,72,85,65,2.2,3
K,Damon Deon,27,2010,81,69,70,70,83,55,1.8,2
S,Will Hill,27,2012,75,58,73,80,77,62,3.0,4
S,Demond Washington,29,2009,76,64,63,56,74,68,0.5,2
CB,Delvin Breaux,29,2009,77,60,62,86,62,66,3.0,3
CB,Aaron Berry,29,2009,87,64,69,86,72,69,4.0,1
CB,Mike Daly,27,2011,68,79,71,60,87,61,2.0,2
CB,Jonathan Langa,26,2012,60,59,71,74,58,75,4.5,4
CB,Courtney Stephen,27,2011,72,60,66,65,75,67,3.0,3
CB,Don Unamba,32,2006,86,61,50,66,69,58,0.5,1
DL,Justin Capicciotti,27,2011,64,68,73,77,79,74,3.0,2
DL,Jason Neil,34,2006,93,61,75,95,75,85,6.5,4
DL,Davon Coleman,26,2012,84,62,81,63,77,69,0.5,3
DL,Ted Laurent,29,2009,62,76,77,72,73,79,3.0,1
DL,Adrian Tracy,29,2009,62,79,63,76,70,70,4.5,2
DL,Bernard Takwonda,22,2016,68,77,70,64,84,76,1.5,4
DL,Justin Vaughn,31,2007,58,71,69,67,55,65,0.5,1
DL,Juan Shawnte,23,2015,72,53,51,65,59,55,0.5,1
DL,Draymond Carlos,28,2010,61,51,69,62,56,60,0.5,1
LB,Larry Dean,28,2009,71,87,66,80,72,80,3.0,3
LB,Simoni Lawrence,28,2009,85,63,73,76,75,74,3.0,2
LB,Terrell Davis,30,2009,93,79,84,84,63,61,2.6,2
LB,Curtis Newton,27,2012,92,68,84,72,76,62,1.9,1
LB,Lucas Wacha,26,2012,89,69,91,66,66,63,0.5,1
LB,Jerome Couplin,27,2011,50,76,82,64,62,69,0.5,1
LB,Odell Shawnte,24,2014,64,67,77,57,57,69,0.5,1
LB,Justin Clayton,29,2009,92,69,82,55,65,64,0.5,1
END_PLAYERS
London Renegades,LON
QB,Oskar Lou,22,2015,68,53,63,68,88,62,9.8,1
QB,Ben Peter,33,2005,84,67,95,85,65,85,6.7,2
RB,Casimir Rian,32,2006,87,81,69,83,81,80,5.3,4
RB,Franklin Al,24,2015,74,73,95,68,81,75,4.2,3
RB,Juan Shawnte,28,2009,60,71,50,89,55,66,2.8,3
RB,Odell Aaron,29,2009,65,52,57,56,66,59,0.5,1
WR,Jamison Wright,25,2013,79,74,79,86,101,71,7.5,2
WR,Kendal Andre,22,2016,74,65,84,72,85,64,3.5,2
WR,Kurt Quinton,28,2011,70,69,80,83,71,53,2.8,2
WR,Tim Hakeem,27,2012,74,56,82,76,68,67,2.6,2
WR,Dajon Walter,24,2014,53,73,50,76,65,65,2.6,1
WR,Gerald Tran,27,2011,58,70,58,65,66,68,0.5,1
OL,Giacinto Leachlainn,21,2016,82,61,65,90,79,75,2.0,4
OL,Steven Larry,32,2007,63,56,50,90,61,72,3.3,2
OL,Cordell Tyronne,29,2009,108,62,50,81,86,68,3.3,1
OL,Ben Rufus,29,2010,68,76,97,78,87,61,2.8,3
OL,Ben Walter,32,2006,70,69,50,75,86,65,2.4,1
OL,Harry Walter,25,2014,99,72,54,63,66,100,2.2,3
OL,Douglas Rodell,27,2011,73,57,67,73,60,71,1.9,1
OL,Adrian Peter,30,2008,91,77,50,62,55,63,0.5,1
OL,Isaac Clifton,25,2013,52,63,83,56,69,67,0.5,1
OL,Keon Deon,28,2010,76,64,66,58,62,57,0.5,1
OL,Keon Deon,28,2010,76,64,66,58,62,57,0.5,1
K,Fred Placide,23,2016,98,65,67,91,85,83,3.5,4
K,Hakeem Larry,22,2016,54,50,74,61,57,62,0.5,1
S,Ha-Ha Odell,25,2013,77,62,57,78,66,64,2.8,3
S,Joseph Bruce,32,2006,53,54,64,59,61,61,0.5,1
CB,Roger Hollis,21,2016,69,87,69,80,89,77,1.0,4
CB,Terry Quinton,31,2007,85,52,50,88,75,66,3.1,1
CB,Brady Bruce,30,2007,62,72,51,62,91,95,2.9,3
CB,Adam Shawnte,24,2014,68,67,55,77,66,67,2.2,2
CB,Jamaar Anthony,31,2007,52,50,57,66,61,56,0.5,1
CB,Fred Brian,25,2013,92,72,57,62,61,66,0.5,1
DL,Jimmy Damian,33,2005,90,78,76,103,72,78,6.7,4
DL,Bruce Matthew,26,2011,95,77,88,80,71,65,2.8,3
DL,Lamar Edward,26,2013,92,64,58,71,73,85,2.6,1
DL,Rufus Jahquil,25,2013,88,77,53,79,61,65,2.4,2
DL,Roman Jamaar,23,2016,52,67,62,65,74,83,2.0,3
DL,Russell Squires,31,2007,70,60,52,69,64,58,0.5,1
DL,Joseph Blewitt,25,2013,64,63,96,59,63,67,0.5,1
DL,Harry Daniel,33,2005,71,66,63,56,63,63,0.5,1
LB,Gerald Wayne,26,2012,93,65,84,88,84,69,4.4,2
LB,Benton Michael,23,2015,57,63,75,82,66,77,3.3,1
LB,Daniel Damian,26,2011,88,60,54,69,80,95,2.9,2
LB,Joseph Walter,25,2013,72,70,63,75,68,59,2.0,2
LB,Damian Lee,22,2016,98,64,90,69,65,67,0.5,1
LB,Kevin Keon,26,2012,79,53,93,69,63,60,0.5,1
LB,Cordell Robert,24,2014,70,76,79,65,68,66,0.5,1
LB,Jamaar Carl,31,2007,66,54,57,67,64,60,0.5,1
EMD_PLAYERS
Columbus Rebels,COL
QB,Bob Dacre,23,2015,91,71,92,92,76,65,11.0,1
QB,Tyree Rodell,29,2009,76,63,55,75,68,74,5.2,2
RB,Richard Harrison,25,2012,82,68,54,83,81,70,5.3,2
RB,Bobby Wetzel,25,2013,93,76,106,82,72,70,4.2,2
RB,Delroy Jimmy,25,2012,83,75,63,74,69,73,3.6,3
RB,Daniel Fred,32,2006,55,52,72,58,69,55,0.5,1
WR,Jerry Gerry,23,2016,77,82,92,90,78,80,4.5,4
WR,Fred Carlos,26,2011,92,78,54,76,75,88,4.2,1
WR,Mark Richard,28,2011,93,75,53,81,63,70,3.0,3
WR,Mark Derrick,25,2012,70,71,95,75,77,60,2.8,3
WR,Jamaar Andre,24,2014,72,55,72,62,73,85,2.6,1
WR,Jordan Wardell,30,2008,55,67,94,57,69,56,0.5,1
OL,Isaac Carnell,30,2007,89,58,71,90,82,79,5.2,2
OL,Jahquil Samuel,30,2009,67,76,88,90,66,65,3.5,4
OL,Lamar Marvin,29,2008,92,68,105,73,84,84,2.9,2
OL,Derrick Kim,34,2003,83,88,86,76,75,78,2.4,2
OL,Spike Rodell,30,2009,100,83,84,70,90,76,2.6,3
OL,Nguyen Juan,23,2016,61,60,77,71,83,60,2.2,1
OL,Dequain Keon,28,2010,96,67,62,68,56,61,0.5,1
OL,Ryan Tyree,27,2011,69,59,71,65,62,63,0.5,1
OL,Cordell Trayvon,30,2008,56,69,68,63,67,62,0.5,1
K,Theo Robert,34,2005,98,85,69,96,85,94,3.7,3
K,Joshua Odell,31,2007,73,80,50,56,62,65,0.5,1
S,Clifton James,28,2010,73,79,63,72,78,60,2.3,1
S,Draymond Kaynard,22,2016,95,64,97,62,55,69,0.5,1
CB,London Ruby,26,2012,90,68,50,77,83,99,5.2,3
CB,Reggie Bobby,26,2011,89,55,67,77,81,75,3.1,3
CB,Tre Albert,28,2011,66,77,101,65,84,80,2.4,3
CB,Otis Myers,23,2016,95,72,70,73,65,79,2.4,2
CB,Richard Damarco,28,2010,60,70,61,70,77,65,1.9,3
CB,Raymond Terry,22,2016,74,64,90,68,64,65,0.5,1
DL,Kelan Dwain,23,2016,78,94,61,93,80,73,1.0,4
DL,Mark Larry,27,2012,103,64,72,79,87,68,3.3,1
DL,Paul Dick,29,2009,78,57,99,75,67,89,2.8,3
DL,Damian Lebron,29,2008,85,69,94,70,68,90,2.2,1
DL,Ha-Ha Damon,29,2009,72,53,67,72,76,67,1.9,1
DL,Brady Henry,23,2015,68,50,60,68,61,69,0.5,1
DL,Harold Johnson,31,2007,74,76,104,63,64,66,0.5,1
LB,Hudson Cianan,22,2016,86,90,66,80,89,70,2.5,4
LB,Talin John,27,2011,93,83,52,74,71,89,2.9,1
LB,Eli Jack,32,2007,64,74,69,80,76,62,2.4,3
LB,Alan Dontrell,26,2011,60,75,93,70,78,67,2.0,3
LB,Charles Deon,30,2008,55,54,75,83,44,60,1.7,2
LB,Shawnte Isaac,29,2009,66,68,54,64,55,62,0.5,1
LB,Bruce Anthony,33,2005,51,73,106,64,56,56,0.5,1
LB,Shawnte William,33,2005,76,53,97,57,64,65,0.5,1
END_PLAYERS
Birmingham Barracudas,BIR
QB,Matt Dunigan,26,2011,71,65,90,78,80,69,8.2,2
QB,Dajon Ralph,31,2007,84,75,62,87,67,76,6.7,2
RB,Clayton Desmound,21,2016,84,63,87,79,62,74,4.0,3
RB,Ariel Zayden,29,2010,88,62,81,76,84,62,3.6,1
RB,Keefe Robert,25,2013,94,56,76,64,75,61,0.5,1
RB,Dennis Hakeem,32,2006,58,68,50,68,60,68,0.5,1
WR,Reggie Patrick,33,2005,83,86,61,79,78,81,3.7,3
WR,Shawnte Jerry,34,2004,83,75,76,74,75,86,3.2,3
WR,Jahquil Derrick,24,2014,101,63,99,80,65,69,3.2,2
WR,Manning Tyree,23,2014,91,66,93,65,62,96,3.0,1
WR,John Thomas,27,2011,60,50,53,73,70,70,2.6,2
WR,Roman Dirk,27,2011,52,57,72,68,65,68,0.5,1
OL,Irving Osborn,23,2016,85,87,66,69,77,74,0.5,2
OL,Jamaar Benton,28,2010,95,67,66,77,87,85,4.5,2
OL,Trayvon Damarco,28,2009,93,57,63,71,92,86,3.1,2
OL,Dick Trayvon,22,2016,55,50,97,75,84,71,4.3,2
OL,Carl Mark,23,2015,93,72,63,77,68,67,2.6,2
OL,Raymond Spike,23,2015,65,69,50,72,65,93,3.4,2
OL,Henry Kaynard,29,2009,83,77,91,65,62,64,0.5,1
OL,Justin Long,27,2011,81,68,69,67,55,55,0.5,1
OL,Dajon Tyronne,33,2005,50,50,50,58,55,68,0.5,1
OL,Paul Adam,23,2015,53,74,52,57,57,61,0.5,1
K,Kenyo Silvio,33,2006,97,73,83,107,74,67,4.0,2
K,Adam Thomas,24,2014,70,53,80,66,63,61,0.5,1
S,Carnell Rondall,28,2011,77,63,59,84,66,67,3.5,3
S,Peyton Charles,28,2010,73,67,64,62,67,59,0.5,1
CB,Josh Fuller,25,2013,89,65,76,87,78,74,3.2,3
CB,Malik Kim,23,2016,59,79,51,75,82,75,3.1,3
CB,Harry Juan,26,2013,96,76,82,76,75,70,2.6,1
CB,Richard Jarvis,26,2012,84,75,79,80,69,61,2.2,3
CB,William Jahquil,28,2011,59,57,79,68,80,64,1.9,1
CB,Clayton Kobe,22,2016,99,54,75,66,63,63,0.5,1
DL,Kefilwe Davie,23,2014,96,64,69,84,91,74,5.2,1
DL,Ben Williams,25,2013,97,66,64,79,70,76,4.0,4
DL,Squires Reggie,23,2014,90,80,67,77,71,77,2.9,2
DL,Rufus Hakeem,21,2016,81,77,62,81,73,61,2.8,1
DL,Reggie Spike,28,2011,72,66,68,80,61,63,2.2,2
DL,Damon Myers,28,2011,54,61,67,79,54,62,1.9,1
DL,Darik Arthur,22,2016,72,74,90,64,64,62,0.5,1
DL,Adam Draymond,26,2012,67,68,88,63,61,58,0.5,1
LB,Dennis Brady,29,2009,91,65,55,77,86,78,3.3,3
LB,Jack Gerald,24,2014,93,69,57,79,68,62,2.6,1
LB,Draymond Charles,25,2013,52,65,77,73,75,75,3.2,3
LB,Deon Richard,26,2013,102,57,66,64,67,93,1.9,1
LB,Rhys Raymond,30,2008,80,55,99,69,62,68,0.5,1
LB,Patrick Aaron,31,2007,69,78,80,68,63,69,0.5,1
LB,Lamar Omarr,32,2006,85,77,79,65,61,64,0.5,1
END_PLAYERS
Edmonton Eskimos,EDM
QB,Mike Reilly,32,2006,88,76,90,88,90,79,11.3,3
QB,Kevin Glenn,23,2015,94,70,79,81,61,87,6.2,1
RB,Ladarius Perkin,26,2012,76,84,83,81,68,77,3.7,2
RB,Alexandre Dupuis,27,2011,85,65,80,66,80,73,1.5,1
RB,George Tyree,23,2015,70,76,87,55,68,66,0.5,1
RB,Dick Charles,27,2011,68,69,67,59,64,65,0.5,1
WR,Brandon Zylstra,24,2015,92,68,77,85,80,78,3.5,4
WR,Dhaquille Williams,24,2015,78,74,63,74,69,76,2.0,3
WR,Vidal Hazelton,29,2009,81,76,82,73,69,75,3.0,4
WR,Sam Giguere,24,2015,55,67,82,76,77,69,3.5,3
WR,Duke Walker,24,2014,81,53,75,69,63,56,0.5,1
WR,Derel Wiliams,27,2011,97,78,57,57,61,65,0.5,1
OL,Alan Tre,32,2005,91,66,72,92,77,77,4.4,2
OL,Cordell Nguyen,28,2009,102,78,95,75,100,77,3.5,3
OL,Daniel Joseph,22,2015,65,59,73,84,62,67,3.3,3
OL,Jimmy Tyree,28,2011,97,52,57,81,72,63,2.8,1
OL,Derrick Quinton,29,2010,67,73,70,78,76,63,2.4,1
OL,Walter Kim,21,2016,54,72,75,75,76,65,2.8,1
OL,Marvin Clayton,21,2016,53,72,59,73,72,63,2.2,2
OL,Edward Dexter,22,2016,67,72,85,68,68,67,0.5,1
OL,Rondall Eric,30,2008,83,58,53,66,64,62,0.5,1
OL,Andre Damian,29,2009,62,77,64,67,62,60,0.5,1
K,Sean Whyte,31,2008,89,59,77,85,80,87,5.0,4
K,Johnson Samuel,28,2010,91,52,52,63,57,56,0.5,1
S,Aaron Grymes,29,2008,61,73,84,67,74,78,2.3,3
S,Orlando Roy,28,2011,69,77,64,66,75,73,2.3,3
CB,Neil King,33,2005,97,57,75,104,87,67,6.4,1
CB,Gary Peters,27,2012,87,72,69,78,80,77,3.5,2
CB,Nate Hakeem,29,2010,94,63,89,77,74,67,2.2,2
CB,Jerry Omari,28,2011,55,61,79,61,81,83,2.0,3
CB,Kevin Tre,22,2016,91,77,76,60,62,63,0.5,1
CB,Ryan Myers,22,2016,82,58,79,58,61,65,0.5,1
DL,Thor Talin,29,2009,79,61,67,86,86,67,4.0,3
DL,Cordell Damian,22,2016,56,77,61,84,70,75,4.0,2
DL,Dennis Edward,25,2013,63,61,83,84,67,63,3.1,3
DL,Lamar Walter,25,2013,65,66,66,70,87,68,2.6,1
DL,Kendrick Michael,24,2013,67,73,97,68,58,91,2.0,2
DL,Tim Cordell,30,2008,83,63,50,66,67,60,0.5,1
DL,Myers Johnson,23,2015,83,55,68,66,63,63,0.5,1
DL,Jason Tre,24,2014,51,60,91,56,60,66,0.5,1
LB,Bobby Dick,30,2009,73,69,72,89,80,69,4.0,4
LB,Tim Squires,23,2016,50,61,55,77,62,95,3.3,3
LB,Deon Vashan,33,2004,75,75,77,75,91,62,2.4,3
LB,Paul Harold,25,2014,61,57,57,77,56,64,2.0,1
LB,Trayvon Arthur,29,2009,51,50,64,62,68,67,0.5,1
LB,Omari Cordell,25,2013,55,72,52,66,59,64,0.5,1
LB,Kendrick Jarvis,26,2012,69,74,68,61,67,63,0.5,1
LB,Shawnte Tim,25,2013,73,63,78,55,56,62,0.5,1
END_PLAYERS
Calgary Stampeders,CAL
QB,Bolevi Mitchell,27,2012,73,67,65,85,82,84,9.0,3
QB,Tyler Rodgers,25,2013,83,62,85,68,74,66,5.7,1
RB,Jerome Messam,32,2006,78,75,89,87,75,90,5.0,2
RB,Roy Finch,25,2013,84,89,66,60,85,73,2.0,4
RB,Thor Damarco,29,2009,98,75,73,57,66,57,0.5,1
RB,Harold Donald,32,2006,50,73,51,63,55,63,0.5,1
WR,Marquay Mcdaniels,33,2006,88,60,74,80,70,72,3.0,1
WR,Davaris Daniels,24,2015,95,71,81,74,80,77,4.0,4
WR,Kamar Jorden,28,2010,82,63,69,81,72,65,3.5,2
WR,Anthony Parker,25,2014,78,63,90,63,84,86,3.5,3
WR,Tim Umar,31,2007,65,78,54,63,67,60,0.5,1
WR,Manning Jordan,28,2010,104,69,61,59,58,62,0.5,1
OL,Harold Dajon,36,2003,95,76,50,100,70,64,4.2,2
OL,Juan Spike,33,2005,91,77,78,89,65,69,3.1,1
OL,Odell Scott,26,2012,98,69,50,76,79,87,3.3,2
OL,Gerald Roy,31,2008,103,85,83,76,79,74,2.6,2
OL,Vashan Jack,29,2010,109,73,60,73,72,75,2.2,3
OL,Tyrell Darik,26,2013,66,61,58,80,58,64,2.2,2
OL,Tim Tim,33,2005,67,68,62,67,58,66,0.5,1
OL,Terry Matthew,27,2011,67,51,54,64,68,55,0.5,1
OL,Clifton Larry,29,2009,101,58,67,59,69,64,0.5,1
OL,Nate Gerald,22,2016,53,66,65,59,65,61,0.5,1
K,Tyree Wayne,22,2016,75,59,99,66,60,69,0.5,1
K,Rene Parcedes,32,2006,84,78,61,90,89,92,3.0,1
S,Jamar Wall,29,2009,80,75,69,80,68,86,4.0,4
S,Damarco Randall,29,2009,96,56,78,58,58,62,0.5,1
CB,Dick Perry,29,2010,82,68,59,91,83,71,4.4,3
CB,Shaqille Richardson,25,2013,97,75,84,69,78,83,3.0,2
CB,Squires Brady,22,2016,55,54,86,85,65,56,2.6,2
CB,Omari Peyton,26,2012,102,80,81,72,55,82,1.9,3
CB,Myers Kobe,33,2005,70,61,66,61,55,58,0.5,1
DL,Jason Charles,32,2005,78,59,55,99,88,66,6.4,2
DL,Marvin Jimmy,24,2014,74,52,79,77,71,76,3.9,3
DL,Scott Long,28,2009,84,71,80,74,80,80,3.4,1
DL,Adam Otis,30,2008,87,62,71,79,73,66,3.2,3
DL,Kim Talin,29,2010,63,72,88,69,70,81,3.9,2
DL,Peter Jordan,30,2008,66,65,58,62,64,65,0.5,1
DL,Wendell Thomas,24,2014,69,69,90,66,62,59,0.5,1
DL,Dick Ha-Ha,30,2008,68,76,52,64,62,57,0.5,1
LB,Charles Jahquil,32,2007,81,71,93,92,63,77,4.0,4
LB,Manning Dennis,27,2011,100,70,53,73,80,87,3.1,1
LB,Talin Tran,24,2013,96,61,50,70,81,72,2.4,3
LB,Myers Ryan,25,2013,81,74,57,65,87,80,2.4,2
LB,Tupac Tyronne,25,2013,93,60,75,66,62,65,0.5,1
LB,Jimmy Draymond,23,2015,61,76,84,67,67,59,0.5,1
LB,Mark Thomas,22,2016,80,56,68,69,57,59,0.5,1
LB,Jordan Patrick,22,2016,64,71,61,55,60,68,0.5,1
END_PLAYERS
Saskatchewan Roughriders,SAK
QB,Kevin Glenn,35,2004,84,76,72,84,79,60,8.0,3
QB,Brandon Bridges,27,2011,79,71,68,72,73,57,5.2,1
RB,Christon Jones,24,2015,89,73,80,69,75,73,2.0,4
RB,Kienan Lafrance,26,2013,67,78,74,70,65,78,2.0,2
RB,Lucius William,30,2007,75,69,78,90,73,67,4.2,1
RB,Malik Harold,31,2007,121,69,59,66,66,67,0.5,1
WR,Duron Carter,26,2013,92,78,82,79,86,82,3.0,2
WR,Caleb Holley,26,2013,62,90,73,65,73,78,2.0,3
WR,Naaman Roosevelt,29,2009,69,86,77,75,89,80,4.3,4
WR,Rob Bagg,32,2005,74,80,67,70,70,70,1.0,1
WR,Roman Delroy,32,2006,68,73,78,69,59,56,0.5,1
WR,Lamar Tupac,29,2009,94,72,89,59,59,59,0.5,1
OL,Joseph Adam,31,2006,78,59,56,89,68,98,5.2,4
OL,Thomas Squires,31,2006,86,70,99,83,82,72,3.3,3
OL,Reggie Ryan,27,2010,86,74,59,77,99,69,3.5,2
OL,Edward Kobe,28,2011,94,55,71,82,72,61,2.8,3
OL,Shawnte Randall,24,2014,56,78,93,78,69,62,2.6,1
OL,Deon Tim,29,2010,83,72,95,74,72,69,2.0,1
OL,Beckham Draymond,32,2006,51,73,50,66,66,66,0.5,1
OL,Tim Ralph,27,2011,56,51,79,66,63,57,0.5,1
OL,Michael Aaron,31,2007,56,68,83,59,59,66,0.5,1
OL,Hunter Quinton,23,2015,64,79,54,60,56,58,0.5,1
K,Wardell Carl,26,2012,70,56,89,72,77,64,1.6,1
K,Matthew Delroy,23,2015,68,50,74,71,71,76,1.4,3
S,Brian Manning,22,2015,61,65,62,68,68,76,2.8,2
S,Samuel Wendell,32,2006,74,79,71,58,56,60,0.5,1
CB,Roy Charles,28,2010,72,78,53,76,105,80,4.4,2
CB,Rufus Harold,32,2005,66,50,57,88,66,62,2.6,1
CB,Andre Justin,30,2007,59,50,88,84,65,64,2.4,1
CB,Clayton Carlos,27,2012,77,79,65,71,61,86,2.2,1
CB,Reggie Harry,28,2010,75,71,73,69,55,69,0.5,1
CB,Justin Peyton,31,2007,81,64,52,66,57,58,0.5,1
DL,Jack Reggie,26,2012,64,52,73,85,65,90,4.2,4
DL,Damian Marvin,32,2005,57,63,50,88,82,50,3.1,1
DL,Dirk Cosma,24,2013,84,78,86,82,68,73,3.9,1
DL,Fred Roman,29,2009,50,55,72,85,53,70,2.2,2
DL,Bruce Damon,27,2011,58,60,56,74,66,73,2.2,1
DL,Jamaar Terry,29,2009,73,74,98,66,100,56,1.7,2
DL,Odell Lebron,29,2009,88,61,70,60,57,69,0.5,1
DL,Lee Ha-Ha,24,2014,89,65,78,59,60,57,0.5,1
LB,Carl Raymond,29,2009,100,76,94,96,84,82,6.7,3
LB,Kim Dick,26,2013,93,78,62,71,76,77,2.4,2
LB,Dennis Kobe,30,2009,73,77,50,74,67,74,2.0,1
LB,Reggie Theo,30,2008,88,77,53,70,65,77,1.7,2
LB,Damian Myers,25,2013,55,61,87,68,65,64,0.5,1
LB,Ryan Jack,30,2008,99,69,66,68,62,56,0.5,1
LB,Ha-Ha Kobe,22,2016,94,78,74,61,65,66,0.5,1
LB,Thor Squires,29,2009,64,74,80,57,67,56,0.5,1
END_PLAYERS
Saskatoon Badgers,SAS
QB,Clair Jerome,31,2008,86,64,56,111,80,65,17.6,2
QB,Kaynard Spike,30,2008,50,65,101,56,67,56,0.5,1
RB,Camden Hunter,27,2012,89,54,58,80,89,71,5.6,3
RB,Carl Bernard,28,2010,69,63,87,64,72,86,3.9,2
RB,Joe Dexter,24,2015,98,65,78,89,65,59,3.3,2
RB,Adam Ralph,29,2009,82,60,100,68,65,69,0.5,1
WR,Apolinar Abilio,29,2008,62,75,58,81,72,78,3.9,3
WR,Dequain Johnson,25,2012,77,55,63,83,68,77,4.2,3
WR,Keone Severiano,25,2012,88,75,56,75,85,68,3.7,1
WR,Kim Talin,27,2011,87,62,85,76,70,70,3.0,3
WR,Terry Rhys,30,2007,50,61,107,77,72,54,2.1,1
WR,George George,24,2014,56,70,83,55,62,56,0.5,1
OL,Jarvis Paul,32,2006,56,62,75,98,60,76,4.4,1
OL,Damon Omarr,37,2002,72,75,52,94,79,43,2.9,3
OL,Raymond George,25,2012,74,56,78,90,58,67,3.7,2
OL,Otis Rhys,34,2005,91,79,69,85,58,64,2.2,1
OL,Wayne Dennis,27,2012,98,70,87,70,85,72,2.4,1
OL,Dontrell Quinton,30,2007,64,65,59,79,61,62,2.0,1
OL,Brady Rodell,28,2010,80,71,62,66,65,68,0.5,1
OL,Draymond Jason,24,2014,80,70,58,63,66,68,0.5,1
OL,Wendell Tupac,32,2006,59,58,94,63,69,57,0.5,1
OL,Matthew Dequain,33,2005,50,64,50,58,61,66,0.5,1
K,Kendrick Russell,31,2007,55,59,58,85,70,53,1.7,1
K,Dontrell Aaron,30,2007,77,78,71,71,81,52,1.7,3
S,Terrence Savio,21,2016,86,75,82,80,69,74,3.0,4
S,Nguyen Dontrell,30,2007,67,77,60,74,74,60,2.1,2
CB,Garry Dieudonner,23,2016,79,82,70,76,75,70,3.0,4
CB,Reggie David,27,2010,78,64,85,62,78,103,2.9,1
CB,Arthur Javan,21,2016,58,52,69,83,65,61,2.8,3
CB,Damon Russell,28,2010,93,77,83,65,89,69,2.2,2
CB,Randall Ben,23,2014,69,65,54,72,72,64,2.0,1
CB,Jose Peyton,26,2012,93,79,50,66,60,61,0.5,1
DL,Kevin Damarco,26,2012,76,68,51,75,79,106,4.2,1
DL,Lee Jimmy,29,2008,54,72,55,78,70,91,3.3,3
DL,Richard Russell,31,2008,83,71,98,74,80,76,2.4,1
DL,Joe Dirk,28,2009,61,78,66,78,64,75,2.6,2
DL,Patrick Brady,27,2010,60,65,76,67,64,90,2.0,3
DL,Bruce Tyree,22,2016,60,74,62,68,64,68,0.5,1
DL,Frank Odell,23,2015,50,78,56,63,63,61,0.5,1
DL,Douglas Hunter,29,2009,80,77,82,57,63,55,0.5,1
LB,Thomas Theo,24,2014,89,68,76,90,65,80,5.2,3
LB,Andre Malik,28,2011,65,73,103,81,78,65,2.9,2
LB,Rondall Terry,23,2015,62,70,92,73,87,61,2.6,1
LB,Narciso Woodraw,23,2016,75,73,87,89,70,84,4.5,4
LB,Orlando Robert,33,2005,80,68,50,60,63,67,0.5,1
LB,Dajon Isaac,27,2011,87,58,79,58,59,62,0.5,1
LB,Rondall Tran,31,2007,80,57,78,56,65,59,0.5,1
LB,Eric Ronald,23,2015,88,78,77,55,55,66,0.5,1
END_PLAYERS
Winnipeg Bluebombers,WIN
QB,Dominique Davis,28,2009,84,74,60,76,73,70,5.0,2
QB,Carlos Daniel,30,2008,72,65,69,68,66,64,0.5,1
RB,Andrew Harris,30,2008,85,61,75,80,93,81,8.0,3
RB,Udo Yared,22,2015,72,53,69,84,75,71,4.3,3
RB,Ha-Ha Damian,26,2013,84,77,95,71,67,73,2.8,2
RB,Spike George,33,2005,88,77,61,69,63,61,0.5,1
WR,Darvin Adams,28,2009,81,69,72,68,84,83,4.4,4
WR,John Deon,32,2006,77,51,69,67,87,90,3.5,3
WR,Jerry Carl,26,2011,72,67,97,69,81,69,2.8,2
WR,Carl William,24,2013,50,72,70,65,73,83,2.8,1
WR,Lamar Henry,28,2009,52,66,92,78,59,65,2.3,1
WR,Ha-Ha Jimmy,28,2010,84,52,101,64,65,68,0.5,1
OL,Luther Roman,27,2011,86,64,52,83,79,87,5.4,1
OL,Jamaar John,28,2011,50,67,87,93,56,68,3.5,2
OL,Dick Wayne,23,2015,60,51,101,84,65,78,3.7,3
OL,Long Tyree,27,2012,100,80,97,73,94,70,2.9,3
OL,Dirk Jimmy,23,2014,70,61,63,77,63,82,2.9,1
OL,Carnell Perry,26,2012,92,71,72,73,62,81,2.2,1
OL,John Nate,28,2010,54,59,50,63,69,62,0.5,1
OL,Arthur Michael,33,2005,64,75,89,64,63,64,0.5,1
OL,Lamar Harry,24,2014,94,71,79,62,58,60,0.5,1
OL,Tupac Blewitt,23,2015,66,63,85,57,63,66,0.5,1
K,Damon Rodell,27,2012,65,76,83,77,71,80,1.6,2
K,Brady Roman,28,2009,76,70,76,71,70,62,1.1,1
S,Taylor Loffler,25,2014,82,73,83,67,81,86,4.5,1
S,Omari William,25,2013,50,76,68,65,63,61,0.5,1
CB,Dennis Lebron,31,2008,99,72,64,98,79,63,4.2,4
CB,Brady Malik,26,2011,82,54,60,71,87,75,2.9,1
CB,Beckham Dick,24,2014,92,52,71,72,76,85,2.6,1
CB,Terry Rodell,23,2015,52,76,53,71,85,64,2.4,2
CB,Matthew Jose,23,2015,82,53,69,72,61,80,2.2,1
CB,Billy Kobe,22,2016,64,52,53,55,66,58,0.5,1
DL,Luther Long,26,2011,101,85,93,77,70,97,4.5,2
DL,Andre Ha-Ha,29,2010,89,78,79,75,96,69,4.1,1
DL,Gerald Hunter,34,2005,65,61,62,90,64,53,3.6,2
DL,Wayne Randall,32,2005,80,65,54,83,63,67,2.4,3
DL,Jahquil Randall,28,2010,71,60,53,70,81,73,2.2,2
DL,Arthur Robert,24,2015,53,72,57,77,63,60,2.0,3
DL,Damon Russell,27,2011,87,60,83,66,59,68,0.5,1
DL,Kevin Eli,27,2011,91,61,60,62,64,58,0.5,1
LB,Carl Steven,29,2010,88,71,89,70,90,107,3.7,4
LB,Damon Henry,29,2009,99,78,50,84,69,63,2.8,1
LB,Delroy Patrick,23,2016,76,53,72,84,64,61,2.9,2
LB,Lebron James,25,2012,85,68,68,78,64,63,2.4,1
LB,Jack Robert,29,2009,62,73,52,67,60,66,0.5,1
LB,Omarr Arthur,24,2014,53,77,75,66,66,58,0.5,1
LB,Billy James,27,2011,81,57,71,68,57,58,0.5,1
LB,John Brian,30,2008,81,68,67,62,65,62,0.5,1
END_PLAYERS
Milwaukee Wilds,MIL
QB,Zucheri Adrian,21,2016,77,80,84,79,72,73,0.5,4
QB,Rodell Joshua,23,2016,77,52,62,68,80,62,7.2,3
QB,Hakeem Russell,27,2012,61,63,64,58,81,64,5.2,1
RB,Konnor Teo,28,2010,74,76,82,75,60,93,4.2,1
RB,Barrie Italo,29,2008,101,81,75,81,67,78,3.9,3
RB,Dequain Lee,30,2007,90,72,76,71,78,75,3.6,2
RB,Jamaar Wayne,25,2013,50,56,72,57,62,61,0.5,1
WR,Douglas Gladwin,25,2012,94,78,90,97,89,76,8.7,3
WR,Darik Theo,24,2014,99,56,51,71,69,90,3.0,2
WR,Perry Kobe,25,2012,86,73,78,77,60,79,2.8,1
WR,Marvin Keon,28,2009,74,65,86,74,69,67,2.6,3
WR,Wendell Trayvon,26,2011,78,59,72,69,81,61,2.3,2
WR,Perry Roy,22,2016,66,77,61,60,57,55,0.5,1
OL,Jack Tim,27,2011,76,66,58,79,94,81,4.2,2
OL,Jack Scott,29,2010,100,74,84,90,64,74,3.7,3
OL,Omari Dajon,23,2015,90,69,80,82,80,73,3.7,2
OL,Justin Ben,25,2013,97,79,102,85,57,74,3.3,2
OL,Russell Paul,22,2015,65,64,67,79,68,67,2.9,3
OL,Tyree Larry,29,2008,96,61,50,76,67,66,2.0,2
OL,Rhys Ha-Ha,27,2011,64,59,81,65,69,62,0.5,1
OL,Tim Manning,30,2008,53,50,65,65,68,64,0.5,1
OL,Matthew Damian,28,2010,51,61,91,64,60,67,0.5,1
OL,Dequain Jerry,23,2015,97,57,50,56,67,57,0.5,1
K,Giacoble Bartheny,22,2016,61,85,83,75,82,70,2.0,4
K,Tran Damon,28,2010,50,66,72,60,69,68,0.5,1
S,Ty Casamiro,21,2016,89,70,83,70,95,84,4.5,4
S,Thor Nguyen,24,2014,82,66,86,66,64,67,0.5,1
CB,Richard David,27,2012,82,66,70,94,95,62,5.7,3
CB,Otis Alan,35,2002,85,85,87,80,80,65,2.4,1
CB,Patrick Javan,33,2005,75,64,52,80,85,58,2.4,1
CB,Malik Joshua,25,2012,91,70,81,61,82,81,2.2,2
CB,Tre Myers,28,2010,51,54,52,60,62,64,0.5,1
CB,Jose Juan,26,2012,64,60,52,66,55,56,0.5,1
DL,Orlando Rodell,30,2007,77,74,62,92,79,65,4.2,3
DL,Myers Kevin,22,2016,72,51,61,81,73,77,3.7,2
DL,Deon Robert,25,2014,88,58,50,82,69,62,2.9,2
DL,Jamaar Ralph,30,2009,83,77,67,70,80,78,2.2,2
DL,Reggie Larry,28,2009,79,52,88,76,71,56,2.0,1
DL,Samuel Keon,29,2009,94,75,91,72,71,66,1.7,3
DL,Deon Arthur,28,2010,83,69,67,66,65,65,0.5,1
DL,Scott Tyronne,23,2015,86,77,50,59,64,59,0.5,1
LB,Luther Squires,26,2011,87,59,63,87,73,82,4.4,2
LB,Kendrick Mark,34,2003,105,90,74,77,73,81,2.6,3
LB,Jose Ryan,22,2016,98,64,66,70,81,80,2.9,2
LB,Nguyen George,26,2011,58,66,88,74,49,79,1.9,1
LB,Gerald Perry,32,2006,88,63,69,66,68,56,0.5,1
LB,Luther Peter,22,2016,82,50,98,62,69,61,0.5,1
LB,Roman Carl,29,2009,64,64,50,65,61,59,0.5,1
LB,George Wardell,23,2015,59,54,54,65,57,59,0.5,1
END_PLAYERS
Chicago Leatherheads,CHI
QB,Stacy Nic,27,2011,86,80,63,78,76,76,8.2,3
QB,Damian Harry,33,2005,52,76,77,72,83,58,6.7,2
RB,Derrick Carnell,28,2010,71,80,64,82,73,92,6.0,3
RB,Harold Harold,30,2007,106,77,78,71,70,81,3.6,2
RB,Shawnte Kim,25,2012,74,63,66,60,63,88,3.1,1
RB,Bruce Theo,26,2012,56,50,65,64,55,65,0.5,1
WR,Andrew Daniel,32,2005,105,86,56,72,111,72,4.4,3
WR,Quinton Wardell,29,2008,92,79,57,80,67,79,3.5,2
WR,Lavon Randall,30,2009,79,80,78,70,82,79,2.8,1
WR,Joseph Adrian,28,2010,60,72,77,72,62,85,2.8,3
WR,Peter Shawnte,27,2011,59,51,85,77,69,67,2.3,3
WR,Kevin Samuel,24,2014,71,65,60,65,71,64,0.5,1
OL,Hunter Peter,34,2003,103,88,71,98,85,67,5.7,3
OL,Eli Omarr,30,2007,80,54,50,79,76,83,3.3,1
OL,Arthur Fred,25,2012,81,52,62,83,66,70,3.3,2
OL,Tim Talin,23,2014,85,55,65,77,83,67,3.9,1
OL,Shawnte Dirk,24,2014,82,64,93,82,73,60,4.6,2
OL,Walter Jeremy,24,2014,90,66,91,76,57,76,2.4,3
OL,Kevin Charles,27,2011,62,59,51,64,58,68,0.5,1
OL,Theo Richard,27,2011,59,76,78,61,63,65,0.5,1
OL,Jimmy Damon,27,2011,69,62,59,61,59,58,0.5,1
OL,Lavon Daniel,23,2015,59,50,85,59,55,56,0.5,1
K,Bruce Marvin,31,2007,54,58,105,69,87,86,1.8,3
K,Vashan Billy,30,2008,57,60,82,67,69,68,0.5,1
S,Samuel Adam,23,2016,92,69,84,71,74,65,2.6,1
S,Joshua Carnell,32,2006,77,74,55,55,65,57,0.5,1
CB,Akuchi Kapua,21,2016,59,67,64,79,64,87,0.5,4
CB,Eli Brady,24,2013,60,51,57,90,82,54,3.7,2
CB,Roy Douglas,25,2012,94,63,70,71,71,82,2.6,3
CB,Jeremy Richard,26,2011,90,54,101,68,78,75,2.2,2
CB,Adam Derrick,24,2015,59,74,99,59,79,88,2.2,1
CB,Joshua Douglas,30,2008,91,74,70,69,62,55,0.5,1
DL,Rodell Deon,26,2012,68,70,69,93,62,79,5.2,4
DL,Ha-Ha Delroy,34,2004,69,58,81,81,73,78,2.8,1
DL,Maui Emery,23,2016,64,82,60,87,66,74,2.5,4
DL,Keon Damian,26,2012,87,78,72,75,68,76,2.4,1
DL,Dexter Steven,27,2011,64,74,73,70,71,74,2.0,3
DL,Bobby Fred,29,2008,76,72,84,66,70,85,1.7,3
DL,Rufus Daniel,31,2007,80,61,80,59,69,66,0.5,1
DL,George Tim,26,2012,76,60,52,55,57,67,0.5,1
LB,Dirk Jordan,31,2006,54,60,62,97,78,62,5.2,1
LB,Carson Rearden,21,2016,70,83,81,70,92,84,4.5,4
LB,Tyronne Jeremy,24,2014,50,76,73,78,69,77,3.1,1
LB,Dajon Justin,29,2009,84,63,53,69,64,65,0.5,1
LB,Alan Henry,33,2005,98,61,68,67,68,64,0.5,1
LB,Dontrell Jordan,23,2015,55,50,55,68,65,58,0.5,1
LB,Joshua Alan,26,2012,93,61,74,68,57,61,0.5,1
LB,Peter Ha-Ha,25,2013,85,77,88,55,67,61,0.5,1
END_PLAYERS
Stlouis Bullets,STL
QB,Kelly Moss,25,2012,97,60,97,87,70,78,9.3,2
QB,Marc Hewie,25,2012,99,69,80,77,70,75,7.2,3
RB,Derrick Andrew,31,2008,96,69,93,89,81,57,3.6,2
RB,Connor Venceslao,23,2016,96,86,83,64,86,78,4.5,4
RB,Rhys Andre,23,2015,50,63,92,80,68,74,4.2,2
RB,Bruce Carnell,28,2010,51,69,55,55,58,60,0.5,1
WR,Thomas Peter,22,2016,84,59,77,95,75,65,6.5,3
WR,Juan Juan,27,2012,95,67,60,67,81,81,3.2,3
WR,Andrew Anthony,29,2010,62,51,79,75,68,71,2.6,2
WR,Draymond Adam,25,2013,97,55,52,75,73,64,2.8,3
WR,Kim James,21,2016,87,52,54,77,63,69,3.0,2
WR,Olamileka Arturo,22,2016,81,73,79,65,82,73,0.5,4
OL,Evan Cooper,23,2016,77,65,76,93,69,72,2.5,4
OL,Dirk Billy,32,2006,81,70,81,90,62,76,3.5,1
OL,Arthur Rhys,29,2010,91,80,79,79,98,63,3.3,1
OL,Joe Rodell,27,2012,67,69,88,85,66,66,3.1,3
OL,Fred George,24,2013,64,57,96,69,61,98,2.6,3
OL,Harry Peter,23,2015,88,67,54,63,87,88,2.4,3
OL,Clayton Kevin,24,2014,88,69,88,70,70,72,2.0,3
OL,Wayne Harold,25,2013,89,61,56,62,66,63,0.5,1
OL,Tre Dajon,25,2013,98,64,53,56,66,65,0.5,1
OL,Javan Alwan,29,2009,59,70,50,55,63,63,0.5,1
K,James Brian,33,2004,85,65,62,75,82,74,1.7,2
K,Lebron Thomas,29,2009,76,79,50,56,55,60,0.5,1
S,Theo Brian,24,2013,81,67,89,101,67,87,9.0,3
S,Dexter John,31,2007,92,69,98,56,65,62,0.5,1
CB,Lebron Marvin,34,2005,95,64,55,72,75,103,3.1,4
CB,Jeremy Eric,27,2011,78,57,79,87,64,79,3.5,2
CB,Deon Jamaar,32,2007,93,67,50,71,84,76,2.4,1
CB,Damon Patrick,30,2007,72,57,50,69,80,73,2.0,2
CB,Jason Kaynard,27,2011,76,70,91,67,61,68,0.5,1
CB,Damian Richard,28,2010,67,52,64,62,56,69,0.5,1
DL,Edward Perry,31,2007,84,73,50,92,69,76,4.2,3
DL,Squires Johnson,26,2012,93,68,87,77,77,78,3.1,1
DL,Donald William,32,2005,67,53,54,85,75,54,2.6,3
DL,Michael Randall,26,2012,79,64,83,72,77,79,2.4,2
DL,Tran Henry,27,2011,72,58,51,73,63,74,2.0,1
DL,Damarco Ronald,26,2012,83,66,81,76,67,59,1.9,3
DL,Damon Jose,25,2013,70,61,73,69,69,63,0.5,1
DL,Dennis Tyree,30,2008,64,67,67,65,69,58,0.5,1
LB,Jeremy Russell,25,2013,102,80,75,85,100,76,6.0,2
LB,Mark Darik,30,2007,87,71,55,72,79,80,2.6,3
LB,Roy Johnson,27,2010,60,79,93,76,69,81,2.2,2
LB,Samuel Jack,30,2009,56,65,59,70,56,87,1.7,3
LB,Nate Otis,30,2008,90,80,59,65,67,65,0.5,1
LB,Paul Derrick,27,2011,88,70,58,65,59,65,0.5,1
LB,Marvin Mark,22,2016,88,58,89,58,66,67,0.5,1
LB,Rhys Patrick,31,2007,69,52,51,55,69,62,0.5,1
END_PLAYERS
LasVegas Posses,LSV
QB,Anthony Calvillo,26,2015,99,74,65,89,77,78,8.0,2
QB,Darian Hagan,25,2013,64,77,75,72,70,71,5.7,3
RB,Jon Volpe,26,2012,76,62,75,83,80,64,5.0,3
RB,Marvin Scott,29,2009,92,81,100,67,92,71,4.2,3
RB,Keon Peter,26,2011,65,73,90,72,80,66,3.3,1
RB,Gerald Myers,22,2016,57,69,89,56,64,57,0.5,1
WR,Rod Darach,22,2016,68,65,72,80,79,74,2.5,4
WR,Carlos Luther,25,2014,103,52,51,87,64,64,3.7,1
WR,Deon Harold,29,2010,85,60,69,73,71,82,3.0,1
WR,Jamaar Arthur,27,2011,51,77,50,74,67,77,3.0,2
WR,Kaynard George,24,2014,54,67,76,66,63,67,0.5,1
WR,David Otis,31,2007,91,71,51,59,58,61,0.5,1
OL,Brian Jason,34,2003,100,88,98,81,88,79,3.5,1
OL,Fred Orlando,30,2007,87,77,98,88,63,79,3.5,3
OL,Jack Harold,31,2006,57,50,82,95,55,59,3.1,3
OL,Umar Ben,33,2004,61,63,76,79,54,97,2.6,2
OL,Robert Jose,25,2012,74,59,84,71,86,75,2.8,1
OL,Wendell Tran,27,2010,86,53,52,77,60,72,2.2,3
OL,Joseph Delroy,29,2009,90,80,80,69,65,61,0.5,1
OL,Ha-Ha Thor,33,2005,82,87,53,66,66,61,0.5,1
OL,Ronald Umar,29,2009,76,68,68,69,56,60,0.5,1
OL,Lebron Raymond,25,2013,71,65,61,67,58,59,0.5,1
K,Carlos Huerta,33,2005,89,63,67,71,86,96,1.7,1
K,Wardell Ronald,26,2012,69,64,57,56,55,66,0.5,1
S,Kim Roy,31,2007,103,73,67,71,80,80,3.0,2
S,Charles Ryan,22,2016,81,75,96,64,57,58,0.5,1
CB,Darian Hagan,25,2013,90,65,75,86,107,78,6.9,4
CB,William Lebron,27,2011,76,66,60,88,68,58,2.8,3
CB,Benton Douglas,27,2011,54,69,100,82,69,59,2.4,2
CB,Ha-Ha Ronald,27,2012,87,74,95,69,87,59,2.0,2
CB,Tupac Blewitt,27,2011,61,55,78,65,61,60,0.5,1
CB,Roy Wayne,29,2009,52,68,52,65,59,58,0.5,1
DL,Hakeem Daniel,25,2013,94,81,67,81,77,82,4.0,3
DL,Brady Lebron,32,2005,102,72,72,75,98,73,3.1,2
DL,Wardell Adam,24,2014,72,57,58,74,82,81,3.3,3
DL,Douglas Billy,27,2012,94,80,52,79,66,69,2.6,1
DL,Lucius Carlos,30,2009,69,68,78,77,75,53,1.9,3
DL,Shamus Morty,23,2016,79,77,68,78,64,64,2.5,4
DL,Walter Jose,30,2008,92,78,60,62,57,61,0.5,1
DL,Ha-Ha Lebron,27,2011,57,60,92,55,60,64,0.5,1
LB,Greg Battle,30,2008,69,82,75,88,97,73,5.0,2
LB,Wardell Ronald,31,2006,50,69,55,84,78,52,2.6,3
LB,Nate Jeremy,24,2014,77,56,84,81,63,63,3.6,2
LB,Shonte Peoples,21,2016,51,56,90,73,57,74,2.2,3
LB,Theo Ronald,31,2007,88,70,57,67,67,62,0.5,1
LB,Luther Carlos,25,2013,80,81,79,66,64,64,0.5,1
LB,Rondall Jerry,33,2005,79,80,64,67,55,64,0.5,1
LB,Steven Lucius,29,2009,86,57,89,69,56,55,0.5,1
END_PLAYERS
San Antonio Texans,SAN
QB,Randall Wayne,30,2007,63,64,80,74,72,79,6.2,2
QB,Moses Garnet,23,2016,81,68,60,69,73,80,4.0,4
RB,Trayvon Lamar,30,2007,72,69,61,84,84,88,6.6,3
RB,Kaynard Jahquil,28,2009,86,57,65,68,78,76,3.3,1
RB,Thomas Harold,28,2009,66,70,65,67,88,56,2.8,3
RB,Henry George,22,2016,93,54,55,68,64,66,0.5,1
WR,Javan Quinton,24,2015,71,70,64,87,90,64,5.5,4
WR,Bobby Tim,32,2006,82,62,77,73,85,75,3.2,1
WR,Michael Javan,26,2013,99,78,54,77,66,80,3.5,3
WR,Shawnte Jeremy,30,2008,85,59,91,70,74,72,2.3,2
WR,Derrick Eric,27,2011,50,50,56,55,66,67,0.5,1
WR,Roy Cordell,30,2008,71,58,92,61,56,65,0.5,1
OL,Squires Squires,32,2007,100,66,50,90,67,75,5.7,1
OL,Tyrell Andre,27,2011,58,60,81,94,72,54,5.0,2
OL,Edward Wayne,32,2006,92,78,61,90,65,60,4.1,2
OL,Deon Kaynard,32,2005,95,77,67,76,66,92,4.8,2
OL,Lucius Douglas,24,2013,84,65,74,77,71,70,3.8,1
OL,Joseph Michael,23,2015,53,50,87,83,55,57,2.4,1
OL,Jimmy Rodell,26,2012,52,59,50,68,67,68,0.5,1
OL,Donald Ben,30,2008,60,71,68,67,68,55,0.5,1
OL,Dexter Henry,32,2006,53,65,71,57,63,68,0.5,1
OL,Eli Paul,31,2007,89,64,50,56,57,62,0.5,1
K,Clayton Jose,26,2011,93,71,58,84,73,61,2.1,3
K,Lavon Russell,25,2013,88,71,89,61,61,57,0.5,1
S,Harvey Rufus,23,2016,83,73,75,70,79,87,2.5,4
S,Jeremy Malik,26,2012,55,71,100,58,56,58,0.5,1
CB,Thomas Darik,35,2002,79,62,56,87,66,82,3.1,4
CB,Douglas Omarr,33,2005,50,50,65,86,69,78,2.9,2
CB,Matthew Aaron,21,2016,81,62,51,78,83,62,3.1,1
CB,Brian Steven,23,2014,90,70,59,63,69,89,2.2,2
CB,David Talin,28,2010,96,66,73,66,67,81,1.9,2
CB,Arthur Kim,33,2005,51,70,77,69,62,61,0.5,1
DL,Kane Geordie,22,2016,65,94,81,69,93,76,4.5,4
DL,Joseph Javan,24,2013,89,63,50,79,69,77,3.1,3
DL,Charles Tyree,27,2011,68,62,56,75,82,64,2.6,3
DL,Charles Lee,28,2009,88,62,69,71,74,83,3.2,3
DL,Blewitt Albert,26,2013,103,71,63,65,73,83,1.9,3
DL,Wardell Jahquil,32,2006,56,71,59,63,65,66,0.5,1
DL,Tre Randall,24,2014,50,51,84,66,57,66,0.5,1
DL,Tyrell Damon,31,2007,50,67,62,61,59,55,0.5,1
LB,Jack Myers,32,2005,99,77,58,88,79,78,4.0,1
LB,Lee Benton,30,2007,86,77,56,79,78,73,2.9,1
LB,Wendell Patrick,26,2013,89,64,50,78,68,69,4.2,2
LB,Peter Kobe,30,2008,102,72,51,69,76,72,1.9,3
LB,Tre Gerald,23,2015,68,59,78,68,67,65,0.5,1
LB,Justin Rondall,22,2016,52,62,65,64,63,69,0.5,1
LB,Andrew Rodell,29,2009,66,77,50,64,60,69,0.5,1
LB,Brian Eric,33,2005,52,70,100,60,58,57,0.5,1
END_PLAYERS
Shreveport Pirates,SHR
QB,Billy Tolliver,29,2009,73,89,67,76,87,75,8.5,2
QB,Eli Cordell,23,2014,59,63,74,63,88,57,7.7,1
RB,Martin Patton,24,2014,80,59,67,87,80,71,5.0,3
RB,Russell Blewitt,25,2014,92,54,54,56,94,68,3.6,1
RB,Russell Justin,27,2012,64,72,72,67,74,69,2.8,2
RB,Beckham Hunter,33,2005,59,52,81,62,59,57,0.5,1
WR,Jahquil Spike,31,2007,75,53,92,92,76,72,5.0,2
WR,Joe Kevin,32,2005,72,78,70,73,70,115,4.7,4
WR,Hunter Tyronne,28,2011,95,81,67,76,67,65,2.6,3
WR,Umar Clifton,26,2011,70,79,61,69,75,70,2.3,3
WR,Bruce Paul,30,2008,55,75,85,66,67,68,0.5,1
WR,James Ronald,26,2012,77,52,74,66,56,66,0.5,1
OL,Spike Odell,31,2007,91,74,89,89,68,79,3.7,3
OL,Wardell Clifton,33,2005,97,71,82,81,73,92,3.3,2
OL,Clifton Scott,27,2010,104,61,73,78,84,80,3.5,2
OL,Dennis Squires,30,2009,65,73,52,82,82,59,2.9,2
OL,Delroy Rhys,28,2011,72,67,106,67,91,78,2.6,3
OL,Blewitt Gerald,28,2010,97,58,60,67,73,84,2.0,2
OL,Vashan Harry,29,2009,79,53,51,68,76,74,1.7,1
OL,Long George,25,2013,86,68,84,67,64,57,0.5,1
OL,Jahquil Terry,33,2005,82,77,72,60,67,69,0.5,1
OL,Dennis Rufus,31,2007,86,63,70,58,60,59,0.5,1
K,Tran Dajon,31,2007,76,68,97,78,75,86,1.6,3
K,Tupac Manning,29,2009,50,50,63,61,60,58,0.5,1
S,Donald David,31,2007,79,56,83,58,95,91,3.0,1
S,Jimmy Edward,29,2009,53,67,94,59,58,67,0.5,1
CB,Ronald Frank,30,2008,91,62,79,79,80,83,3.5,4
CB,Odell Patrick,33,2004,66,78,65,89,66,75,2.9,3
CB,Otis Douglas,36,2002,94,65,71,86,71,70,2.6,3
CB,Peyton Marvin,26,2011,71,75,71,75,60,77,2.0,1
CB,Peter Talin,23,2015,93,71,69,59,56,69,0.5,1
CB,Russell Wayne,29,2009,50,55,77,56,58,60,0.5,1
DL,Elfrid Payton,25,2013,97,83,96,77,86,79,4.7,1
DL,Greg Stumon,30,2008,78,62,94,65,86,84,3.7,4
DL,Nguyen Albert,31,2007,91,86,71,70,75,96,2.6,1
DL,Dennis Benton,27,2012,100,67,71,71,87,78,2.8,1
DL,Jarvis Andre,26,2013,66,52,62,72,80,71,2.4,2
DL,Michael Theo,26,2012,53,60,54,76,57,68,1.9,3
DL,Kobe Benton,27,2011,90,77,55,56,66,64,0.5,1
DL,Tyrell Omari,24,2014,61,71,94,58,64,58,0.5,1
LB,James David,25,2013,92,65,56,103,74,63,6.9,2
LB,Isaac Carl,23,2016,70,61,86,83,56,67,2.8,3
LB,Joseph Nguyen,24,2014,81,74,66,71,83,65,2.4,1
LB,Aaron Dick,22,2016,66,76,69,65,75,80,2.2,2
LB,Anthony Dirk,22,2016,85,54,93,65,60,67,0.5,1
LB,Ha-Ha Thor,22,2016,98,67,99,62,66,60,0.5,1
LB,Malik Otis,32,2006,71,62,50,60,57,60,0.5,1
LB,Jason Randall,27,2011,71,68,75,55,58,60,0.5,1
END_PLAYERS
Orlando Marlins,ORL
QB,Tim Tim,31,2007,93,82,87,111,76,71,16.7,1
QB,Peter Dequain,23,2015,54,75,54,55,69,66,0.5,1
RB,Yves Cameron,23,2016,61,83,74,84,77,69,4.5,4
RB,Long Johnson,30,2009,73,61,62,66,88,70,3.6,2
RB,Fred Rufus,24,2015,83,70,57,63,84,74,3.9,3
RB,Thor Justin,25,2013,55,71,82,62,68,62,0.5,1
WR,Draymond Matthew,26,2013,92,77,55,88,87,80,7.1,2
WR,Paul Jordan,25,2012,98,59,87,81,78,85,5.0,2
WR,Naldo Ned,21,2016,87,77,59,63,85,74,2.5,4
WR,Joseph Kevin,29,2010,65,70,50,64,70,82,2.1,1
WR,Deon James,29,2009,72,71,80,62,65,66,0.5,1
WR,Vashan Harry,26,2012,74,62,60,60,65,69,0.5,1
OL,Jahquil Johnson,30,2008,80,78,60,92,67,68,3.7,4
OL,Ben Scott,23,2015,80,54,70,90,74,63,4.2,3
OL,Roman Hunter,29,2009,82,59,50,89,63,67,3.3,3
OL,Randall Walter,30,2009,75,76,53,81,78,66,2.9,2
OL,Harold Justin,23,2015,90,70,53,77,56,87,2.8,2
OL,Trayvon Trayvon,29,2009,87,62,55,73,73,63,1.9,3
OL,Deon Donald,22,2015,82,69,89,71,84,56,2.2,2
OL,Patrick Arthur,24,2014,98,76,97,69,64,66,0.5,1
OL,Clifton Brady,32,2006,50,72,65,63,59,57,0.5,1
OL,Justin Nguyen,29,2009,81,52,50,58,65,57,0.5,1
K,Kobe Manning,34,2003,72,55,57,62,88,81,1.4,2
K,Eric Ben,31,2007,93,87,52,59,62,69,0.5,1
S,Aaron Omari,31,2007,74,68,82,56,66,62,0.5,1
S,Jamaar Perry,27,2011,71,73,68,63,58,55,0.5,1
CB,David Kendrick,24,2013,97,60,83,92,71,65,4.0,4
CB,John Richard,30,2008,77,50,79,82,81,72,3.3,2
CB,Brian Randall,22,2015,75,50,78,82,79,71,3.7,3
CB,Henry Brady,28,2009,97,63,99,66,72,81,2.0,3
CB,Scott Eric,28,2010,73,66,83,67,68,58,0.5,1
CB,Shawnte Roman,24,2014,72,52,86,65,56,62,0.5,1
DL,Blewitt Juan,33,2004,57,50,77,85,85,51,2.8,3
DL,Edward Nguyen,25,2012,80,51,71,78,85,70,3.3,1
DL,Reggie Jack,32,2005,87,68,69,92,50,56,2.6,2
DL,Perry Draymond,30,2009,71,51,68,71,100,62,2.6,2
DL,Rondall Perry,26,2012,85,63,72,71,73,79,2.4,2
DL,Jason Rufus,23,2014,98,67,59,75,61,68,2.0,1
DL,Alwan Thomas,32,2006,50,55,70,61,66,68,0.5,1
DL,Lamar Paul,29,2009,50,54,61,55,69,57,0.5,1
LB,Dennis Harry,26,2011,68,66,85,95,62,77,5.2,1
LB,Clayton Hunter,31,2006,79,79,84,83,76,58,2.6,3
LB,Joe Jose,27,2010,80,66,87,78,60,79,2.6,2
LB,Olivier Lachlan,23,2016,79,73,65,72,75,73,0.5,4
LB,Rufus Dennis,22,2016,67,62,78,67,67,63,0.5,1
LB,Jimmy Jimmy,27,2011,98,55,62,68,59,61,0.5,1
LB,Harry Hakeem,28,2010,84,67,54,59,65,69,0.5,1
LB,Odell Charles,28,2010,79,72,92,59,66,56,0.5,1
END_PLAYERS
BC Lions,BC
QB,Jonathan Jeninngs,25,2014,84,77,73,79,74,77,9.0,3
QB,Travis Lulay,23,2015,73,54,52,78,74,60,7.2,1
RB,Jeremiah Johnson,25,2012,88,55,95,79,90,72,6.0,1
RB,Chris Rainey,24,2015,99,55,59,70,82,69,3.6,1
RB,John Joseph,28,2010,73,51,85,73,86,56,3.1,2
RB,Roy Wardell,29,2009,91,82,85,67,63,60,0.5,1
WR,Emmanuel Arceneaux,28,2009,97,82,55,103,80,68,8.0,3
WR,Ricky Collins,26,2012,78,59,75,74,92,86,5.0,3
WR,Bryan Burnham,27,2011,92,91,88,79,86,69,4.5,4
WR,Deon David,32,2006,83,53,54,70,69,68,0.5,1
WR,Fred Carnell,31,2007,73,68,75,64,68,65,0.5,1
WR,Jahquil Tim,31,2007,82,62,50,55,56,58,0.5,1
OL,Michael Tim,27,2011,93,75,64,88,84,77,5.7,3
OL,Patrick Samuel,31,2006,86,61,73,92,64,72,3.7,4
OL,Edward Patrick,36,2003,90,57,57,80,75,71,2.4,3
OL,Lee Dontrell,32,2006,68,66,81,78,82,60,2.4,2
OL,Jamaar Juan,23,2015,79,74,76,84,58,60,2.8,2
OL,Thor George,27,2010,93,80,85,72,71,72,2.0,2
OL,Edward Talin,23,2014,61,64,50,72,62,74,2.0,3
OL,Derrick Charles,32,2006,74,59,84,69,68,64,0.5,1
OL,Anthony Orlando,24,2014,90,60,96,69,60,66,0.5,1
OL,Perry Tyrell,27,2011,75,70,50,67,69,57,0.5,1
K,Eric Larry,28,2009,75,58,61,84,75,73,2.1,1
K,Clifton Jose,22,2015,85,69,68,86,67,63,2.1,1
S,Ha-Ha Spike,26,2011,74,63,79,76,73,63,2.3,3
S,Roman Andrew,28,2010,71,78,68,66,61,58,0.5,1
CB,Trayvon Jose,30,2009,83,63,60,85,86,67,3.5,3
CB,Ralph Derrick,26,2011,92,67,91,84,79,70,3.5,1
CB,Keynan Parker,28,2011,73,61,88,86,64,83,2.5,4
CB,Dontrell Johnson,26,2011,68,62,57,64,91,64,1.9,1
CB,Peter Mark,26,2012,96,81,59,67,69,63,0.5,1
CB,Spike Isaac,25,2013,53,59,99,61,56,67,0.5,1
DL,Carl Peyton,28,2010,55,56,73,82,74,74,3.1,3
DL,Kim Bruce,31,2007,88,62,100,82,56,85,2.8,1
DL,Henry Terry,29,2009,77,65,77,80,64,76,2.8,1
DL,Rodell Joseph,31,2007,70,53,64,68,98,77,2.4,2
DL,Clayton Roman,28,2010,73,59,57,78,59,70,2.2,2
DL,Wayne Otis,26,2012,80,68,80,68,64,60,0.5,1
DL,William Steven,23,2015,79,65,101,66,60,65,0.5,1
DL,Russell William,24,2014,50,64,59,59,61,57,0.5,1
LB,Hunter Alan,31,2006,85,55,76,84,80,91,4.2,2
LB,Kaynard Spike,26,2011,83,63,88,84,58,70,2.9,2
LB,Solomon Elimimian,31,2008,75,73,83,69,80,85,3.7,2
LB,Jason Arthur,23,2014,86,55,62,75,70,62,2.2,2
LB,Donald Alwan,28,2010,53,56,57,66,66,64,0.5,1
LB,Beckham Vashan,24,2014,81,69,50,60,62,63,0.5,1
LB,Delroy Terry,28,2010,78,50,52,61,59,57,0.5,1
LB,Cordell Alwan,24,2014,54,65,50,58,62,62,0.5,1
END_PLAYERS
Victoria Royals,VIC
QB,Silver Kelvin,23,2014,50,67,50,61,87,71,8.2,2
QB,Perry Carnell,30,2007,57,59,100,57,89,69,6.7,1
RB,Reggie Tyrell,26,2011,94,64,85,90,72,87,6.6,3
RB,Perry Hunter,26,2011,66,58,74,91,59,71,3.6,3
RB,Roy Eli,28,2010,56,65,101,70,60,81,2.8,3
RB,Brian Shawnte,22,2016,88,67,96,58,58,65,0.5,1
WR,Joshua Alan,31,2006,50,50,73,98,66,81,5.5,4
WR,Patrick Gerald,25,2013,58,54,62,76,83,63,3.5,2
WR,Larry Patrick,28,2009,50,72,55,76,69,70,2.8,2
WR,Clayton Darik,22,2015,93,68,85,66,83,70,3.0,2
WR,Nguyen Carnell,25,2012,53,54,56,64,95,60,2.6,3
WR,Tim Charles,29,2009,101,70,60,64,60,56,0.5,1
OL,Wendell Daniel,30,2008,58,59,62,87,74,75,3.7,3
OL,David Clayton,32,2007,84,70,59,75,81,103,3.5,4
OL,Ethan Terry,23,2016,87,73,67,85,65,70,0.5,4
OL,Tran Rhys,26,2011,75,67,50,84,64,65,2.9,3
OL,Adrian Delroy,21,2016,79,61,73,69,89,82,3.1,1
OL,Andre Darik,26,2013,83,54,59,70,64,84,2.0,3
OL,Wardell Dontrell,30,2008,75,54,87,69,72,73,1.7,3
OL,Ronald Umar,31,2007,74,59,94,62,68,63,0.5,1
OL,Johnson Scott,26,2012,97,61,86,60,59,67,0.5,1
OL,Ronald Russell,28,2010,53,63,56,55,67,67,0.5,1
K,Heath Jared,22,2016,68,73,81,85,76,74,2.5,4
K,Orlando Dirk,28,2010,67,53,88,63,79,62,1.3,1
S,Lavon Damian,30,2007,93,84,84,92,77,92,7.5,1
S,Orlando Tim,27,2011,51,77,64,62,69,68,0.5,1
CB,Terry Lebron,26,2011,94,71,58,84,67,81,3.5,2
CB,Isaac Jason,31,2006,82,56,50,70,107,66,2.9,2
CB,Berko Clifton,22,2016,83,79,63,70,89,79,4.5,4
CB,Manning Thor,30,2008,92,70,67,63,74,84,1.9,3
CB,Omarr Javan,30,2009,77,64,94,75,65,67,1.7,3
CB,Joseph Lee,22,2016,96,65,72,60,68,61,0.5,1
DL,Alan Rodell,30,2008,89,60,91,84,88,64,3.5,4
DL,Nguyen Fred,25,2013,54,51,99,86,61,73,3.5,1
DL,Jarvis Alan,32,2005,86,72,70,82,69,74,2.8,1
DL,Declan Greally,29,2010,62,50,67,83,67,60,2.6,3
DL,Lebron Dennis,27,2011,55,55,75,63,84,79,1.9,2
DL,Rufus Omari,28,2010,89,56,52,59,56,65,0.5,1
DL,Roman Shawnte,23,2015,80,56,79,57,67,61,0.5,1
DL,Billy Jason,29,2009,94,57,85,55,62,65,0.5,1
LB,Squires Tran,27,2011,78,55,51,86,81,80,4.4,4
LB,Raymond Andrew,32,2007,84,71,109,78,86,64,2.6,3
LB,Justin Ralph,30,2007,57,72,66,67,87,82,2.4,3
LB,Marvin Andre,30,2008,90,67,50,68,62,67,0.5,1
LB,Matthew Jason,28,2010,73,59,79,66,60,61,0.5,1
LB,Andre Juan,27,2011,81,57,65,63,67,58,0.5,1
LB,Clifton Darik,27,2011,66,52,62,64,58,62,0.5,1
LB,Daniel Odell,28,2010,59,67,93,59,56,61,0.5,1
END_PLAYERS
Portland Stingers,POR
QB,Rainer Camron,31,2008,93,76,61,82,72,67,6.7,1
QB,Roch Gael,24,2014,75,72,98,84,71,56,7.7,3
RB,Ralph Kaynard,34,2004,88,66,50,82,76,84,4.7,3
RB,Gordie Tyler,21,2016,73,78,66,90,65,72,0.5,4
RB,Joshua Andrew,30,2007,63,75,86,74,65,75,2.8,2
RB,Wayne Spike,31,2007,50,54,50,58,59,69,0.5,1
WR,Matthew Henry,29,2009,94,74,79,80,85,87,5.2,3
WR,Burton Patrick,23,2016,97,89,79,73,93,85,4.5,4
WR,Harry Lee,22,2015,81,77,50,72,68,77,3.2,2
WR,Bruce Arthur,26,2011,82,76,51,63,69,87,2.3,3
WR,Dick Kevin,23,2015,67,68,101,69,60,58,0.5,1
WR,Damon Derrick,31,2007,51,69,88,63,61,56,0.5,1
OL,Mark Thomas,30,2007,78,58,55,89,82,77,4.4,3
OL,Joe Jordan,25,2014,78,78,76,76,79,99,4.0,2
OL,David Perry,32,2006,85,75,54,81,74,69,2.8,1
OL,Clifton Jerry,27,2011,69,67,103,81,67,72,2.9,3
OL,Orlando Bobby,28,2011,67,51,84,68,93,77,2.6,3
OL,Dexter Jordan,25,2014,59,55,80,68,63,90,2.2,2
OL,Lucius Keon,25,2014,96,68,56,75,64,65,2.0,3
OL,Reggie Dexter,24,2014,79,69,83,69,55,69,0.5,1
OL,Wardell Scott,27,2011,55,56,56,64,58,58,0.5,1
OL,Dennis Odell,25,2013,70,50,101,57,69,57,0.5,1
K,Forgal Kean,21,2016,92,69,78,92,84,60,2.5,4
K,James Lamar,30,2009,68,62,54,58,85,81,1.1,2
S,Omari Harry,28,2009,91,58,55,75,68,83,3.5,2
S,Charles Carlos,32,2006,64,56,52,67,57,59,0.5,1
CB,Joshua Ronald,28,2010,94,73,69,92,95,74,6.4,1
CB,Tim Vashan,31,2008,98,53,73,79,68,88,2.9,3
CB,Dajon Anthony,27,2012,85,70,52,74,75,67,2.2,2
CB,Long Otis,26,2012,96,73,66,81,59,60,1.9,2
CB,Richard Michael,29,2009,68,77,52,64,68,61,0.5,1
CB,Trayvon Dajon,29,2009,74,54,84,60,66,69,0.5,1
DL,Damian Lee,26,2013,88,67,53,89,71,66,3.7,1
DL,Malik Gerald,24,2015,70,74,73,88,59,74,3.7,3
DL,Ben Wayne,25,2012,78,69,65,80,69,77,3.3,3
DL,Anthony Lebron,25,2012,74,55,94,73,68,86,2.8,3
DL,Adam Frank,30,2007,69,54,53,69,76,72,1.9,1
DL,Jeremy James,23,2015,87,66,86,68,64,67,0.5,1
DL,Clifton Dexter,26,2012,81,67,70,61,62,63,0.5,1
DL,Wardell Tyronne,33,2005,62,61,52,59,63,62,0.5,1
LB,Peter Robert,31,2007,77,60,50,90,68,66,3.3,2
LB,Justin Roman,28,2011,55,70,55,82,70,77,3.1,1
LB,Dontrell Odell,29,2009,59,62,89,74,74,86,2.8,3
LB,Hakeem Alan,29,2010,86,57,90,73,79,77,2.6,1
LB,David Orlando,31,2007,87,60,77,67,65,68,0.5,1
LB,Long Damarco,27,2011,80,64,94,68,66,57,0.5,1
LB,Dexter Alan,32,2006,105,84,83,60,60,65,0.5,1
LB,Jeremy Talin,29,2009,50,51,64,60,61,59,0.5,1
END_PLAYERS
Sacremento Goldminers,SAC
QB,David Archer,31,2008,78,87,77,80,83,64,9.6,3
QB,Bruce Tre,28,2011,87,68,73,70,78,72,7.2,3
RB,Mike Oliphant,28,2010,84,56,57,79,94,67,5.3,1
RB,Reggie Jarvis,28,2010,52,76,52,80,60,79,3.6,1
RB,Peter Eli,28,2010,63,78,81,66,57,91,3.1,1
RB,Tupac Tre,23,2015,61,64,83,68,64,69,0.5,1
WR,Carl Parker,25,2013,57,73,95,79,83,90,5.2,4
WR,Rod Harris,27,2011,87,72,61,75,89,73,3.7,2
WR,Reggie Manning,25,2012,102,80,79,71,67,79,3.0,1
WR,Kim Clayton,27,2010,56,50,72,55,87,86,2.3,2
WR,Rodell Joshua,23,2015,88,76,53,68,67,65,0.5,1
WR,Rondall Damian,23,2015,105,65,57,65,63,61,0.5,1
OL,William Kaynard,31,2006,69,52,68,94,71,73,4.4,2
OL,Roman Darik,25,2013,66,59,87,83,91,79,4.4,4
OL,Kevin Clayton,27,2010,93,63,71,70,86,89,3.1,1
OL,Peyton Arthur,28,2009,76,55,75,80,75,61,2.8,2
OL,Reggie Paul,27,2010,95,61,77,69,76,82,2.4,2
OL,Matthew Rodell,30,2009,71,66,83,73,74,65,1.9,2
OL,Roy Ryan,25,2012,64,58,58,76,67,55,2.0,3
OL,Nate Damon,26,2012,74,52,50,66,56,63,0.5,1
OL,Tre Jordan,25,2013,79,73,79,64,55,60,0.5,1
OL,Larry Hunter,33,2005,84,69,87,57,60,55,0.5,1
K,Adam Damon,26,2012,58,57,76,83,69,69,1.8,3
K,Shawnte Bobby,26,2013,93,59,59,77,64,73,1.1,2
S,Harry Omari,24,2014,64,64,95,69,73,61,0.5,1
S,Arthur Omari,26,2012,69,78,83,59,68,61,0.5,1
CB,Jordan George,29,2010,83,68,52,97,85,73,6.4,2
CB,Hakeem Ben,29,2009,57,75,90,84,76,70,3.1,1
CB,Palmiro Clayton,23,2016,86,77,80,78,83,62,4.5,4
CB,Justin Russell,26,2013,84,70,68,75,74,61,2.0,2
CB,Shawnte Randall,29,2009,62,53,54,67,63,66,0.5,1
CB,Kevin Dexter,27,2011,50,54,70,64,59,65,0.5,1
DL,James Shawnte,30,2009,94,81,85,87,59,83,3.5,3
DL,Eli Terry,22,2016,96,58,62,95,55,58,4.0,3
DL,Carnell Jack,23,2014,67,50,74,80,65,81,3.3,3
DL,Dumisani Meritt,22,2016,76,65,68,74,80,78,2.5,4
DL,Carl Otis,23,2016,90,52,97,73,67,72,2.2,3
DL,Beckham Patrick,22,2016,96,72,63,63,62,69,0.5,1
DL,Bobby Joshua,24,2014,67,55,86,58,65,61,0.5,1
DL,Damon Odell,26,2012,91,79,101,55,62,60,0.5,1
LB,Harry John,36,2002,90,89,65,92,64,62,2.9,4
LB,Fred Jose,33,2005,77,66,67,85,65,73,2.8,2
LB,Long Matthew,23,2015,67,55,56,87,63,57,3.1,1
LB,Larry Jimmy,36,2002,99,81,50,68,92,80,2.2,1
LB,Spike Walter,29,2009,81,52,74,62,68,61,0.5,1
LB,Jack Adam,31,2007,63,51,80,62,56,69,0.5,1
LB,Cordell Theo,23,2015,90,69,57,59,65,69,0.5,1
LB,Billy Lucius,29,2009,55,73,72,60,55,68,0.5,1
END_PLAYERS
